10
1 2 1037892
1 3 2034232531
1 4 4255452182
1 5 247944317
1 6 2825718712
1 7 1637604279
1 8 3217229226
1 9 993130753
1 10 2017984108
2 3 3758221019
2 4 3924160126
2 5 74466245
2 6 3479167584
2 7 333427263
2 8 3354860178
2 9 1892907209
2 10 82652052
3 4 1028334051
3 5 2548768230
3 6 2361334797
3 7 1150651912
3 8 761682375
3 9 383110266
3 10 2360144273
4 5 3768581564
4 6 721665515
4 7 1967012430
4 8 2909863253
4 9 3446189744
4 10 1871311439
5 6 2259860322
5 7 2529002329
5 8 974460132
5 9 2685917939
5 10 1084023734
6 7 1139214237
6 8 2055726168
6 9 3874003927
6 10 3696592714
7 8 3068677665
7 9 3063222540
7 10 2432145659
8 9 813218334
8 10 4188429029
9 10 309710592
