100
1 2 1037892
1 3 2034232531
1 4 4255452182
1 5 247944317
1 6 2825718712
1 7 1637604279
1 8 3217229226
1 9 993130753
1 10 2017984108
1 11 3758221019
1 12 3924160126
1 13 74466245
1 14 3479167584
1 15 333427263
1 16 3354860178
1 17 1892907209
1 18 82652052
1 19 1028334051
1 20 2548768230
1 21 2361334797
1 22 1150651912
1 23 761682375
1 24 383110266
1 25 2360144273
1 26 3768581564
1 27 721665515
1 28 1967012430
1 29 2909863253
1 30 3446189744
1 31 1871311439
1 32 2259860322
1 33 2529002329
1 34 974460132
1 35 2685917939
1 36 1084023734
1 37 1139214237
1 38 2055726168
1 39 3874003927
1 40 3696592714
1 41 3068677665
1 42 3063222540
1 43 2432145659
1 44 813218334
1 45 4188429029
1 46 309710592
1 47 1407481439
1 48 360304690
1 49 829714921
1 50 1149014580
1 51 2685868035
1 52 3916914054
1 53 3369604909
1 54 3423145640
1 55 2737021415
1 56 2270115354
1 57 4086107825
1 58 1035745372
1 59 3731781643
1 60 1156738542
1 61 281631861
1 62 1491878736
1 63 1980776047
1 64 3438893314
1 65 2948678777
1 66 3663242116
1 67 2616842515
1 68 3883371350
1 69 980110013
1 70 1075711224
1 71 3143134199
1 72 2249185514
1 73 2323919681
1 74 4075451308
1 75 1211718427
1 76 2806535614
1 77 3973251589
1 78 2289109920
1 79 1466845823
1 80 3843970514
1 81 1454177033
1 82 320751828
1 83 1655774755
1 84 3269094694
1 85 3518603853
1 86 3003899720
1 87 3708287495
1 88 237268922
1 89 1643559889
1 90 3694445308
1 91 2070495787
1 92 3881267598
1 93 3925625749
1 94 99166192
1 95 1436523151
1 96 1159055010
1 97 3514865049
1 98 3078783524
1 99 1131276083
1 100 119341814
2 3 1914445277
2 4 643270040
2 5 435375127
2 6 3965319818
2 7 2387454049
2 8 3639617100
2 9 2907647291
2 10 3981662
2 11 1455307045
2 12 58300480
2 13 3129290399
2 14 1397533554
2 15 3250918441
2 16 2440712052
2 17 497103939
2 18 318524614
2 19 959167853
2 20 281411560
2 21 4162544167
2 22 1421703514
2 23 3794925809
2 24 4054949276
2 25 2877037643
2 26 676676910
2 27 64080565
2 28 3498531984
2 29 3426748079
2 30 3312452674
2 31 1329821369
2 32 3157962948
2 33 1895564627
2 34 3900000918
2 35 247562493
2 36 2925284920
2 37 2176924727
2 38 2996562986
2 39 2123148673
2 40 2823694572
2 41 3955298139
2 42 2705194238
2 43 3559915589
2 44 699888864
2 45 3710984895
2 46 1886179602
2 47 3087318345
2 48 4097353236
2 49 1836014179
2 50 4240768102
2 51 888563853
2 52 1348432008
2 53 1432738375
2 54 2021806842
2 55 1652999697
2 56 1205520444
2 57 2620327531
2 58 2278811854
2 59 1293015509
2 60 2297356592
2 61 1543078607
2 62 409997794
2 63 3763464153
2 64 3878236004
2 65 53228403
2 66 141058614
2 67 3626202141
2 68 2907989720
2 69 3049929815
2 70 4030574026
2 71 4220076705
2 72 883719052
2 73 3004629371
2 74 2754873502
2 75 636508005
2 76 1968349568
2 77 3816433375
2 78 1088865970
2 79 3803444841
2 80 2214677684
2 81 4070805635
2 82 3608968198
2 83 2665587629
2 84 822096168
2 85 2582602343
2 86 182123674
2 87 3040682801
2 88 1012417244
2 89 4278845579
2 90 968580206
2 91 3632560373
2 92 3544692176
2 93 1255411439
2 94 4236111746
2 95 2683562233
2 96 1257635332
2 97 3699798419
2 98 400443862
2 99 973731645
2 100 1281871736
3 4 3172355191
3 5 816267114
3 6 2307614657
3 7 3853721132
3 8 920191899
3 9 3607553086
3 10 818364037
3 11 879959584
3 12 3043506943
3 13 3173157970
3 14 1327153033
3 15 2642166612
3 16 1371920035
3 17 753585062
3 18 4105531085
3 19 3318759880
3 20 2931817095
3 21 288323130
3 22 2426212433
3 23 3234991484
3 24 160762539
3 25 636723214
3 26 3706824725
3 27 666491504
3 28 2732043023
3 29 604085538
3 30 225540633
3 31 239672484
3 32 3818045363
3 33 4223598966
3 34 1144851037
3 35 146704408
3 36 3803016343
3 37 1933615370
3 38 2430278881
3 39 3070890188
3 40 781129147
3 41 3147730910
3 42 4252808613
3 43 2302732992
3 44 4278411039
3 45 3515359730
3 46 1853954217
3 47 2974910964
3 48 861809859
3 49 3172461382
3 50 1480182253
3 51 1979163240
3 52 3235881639
3 53 82296794
3 54 2397998449
3 55 1525688348
3 56 1968710859
3 57 3898913710
3 58 3038865205
3 59 3530379024
3 60 839669551
3 61 895687362
3 62 202545977
3 63 1808436036
3 64 47783379
3 65 3438446870
3 66 2860821885
3 67 3011547320
3 68 3046612151
3 69 728879786
3 70 1572889089
3 71 945378156
3 72 3586209755
3 73 2279803774
3 74 3101211845
3 75 1776551776
3 76 810783551
3 77 1585416082
3 78 372179401
3 79 1143546004
3 80 1140101859
3 81 2055985894
3 82 2402727181
3 83 4238234376
3 84 1096178375
3 85 3547060602
3 86 779721361
3 87 609915580
3 88 2145079019
3 89 3505821518
3 90 3755718229
3 91 4085912496
3 92 2323256143
3 93 3406456930
3 94 3810479193
3 95 2988591588
3 96 685870067
3 97 3630227638
3 98 3299401885
3 99 1909844312
3 100 148692183
4 5 1084413002
4 6 545470241
4 7 2370364940
4 8 3958860283
4 9 633100062
4 10 3013825509
4 11 2693035008
4 12 2103498591
4 13 946912562
4 14 2137815785
4 15 4004185908
4 16 873531651
4 17 2351864454
4 18 57946157
4 19 1760318376
4 20 3844874983
4 21 3726885658
4 22 3515234225
4 23 3401141596
4 24 3936782603
4 25 3817949934
4 26 4293432693
4 27 2134386768
4 28 36233071
4 29 1935640066
4 30 1038060921
4 31 1140349060
4 32 1211370003
4 33 2666661974
4 34 2389812157
4 35 3169227256
4 36 4085591287
4 37 238790122
4 38 3983252545
4 39 1837156524
4 40 3032067099
4 41 856847038
4 42 1654946565
4 43 3410636960
4 44 3727895423
4 45 667140818
4 46 1199670281
4 47 1568619988
4 48 3090911011
4 49 1290283558
4 50 3266984781
4 51 503948360
4 52 2775120647
4 53 4202134714
4 54 3193726161
4 55 2410960892
4 56 4215395115
4 57 3625766542
4 58 3692037269
4 59 1033866480
4 60 3005266831
4 61 2966057890
4 62 731602585
4 63 2549397284
4 64 1465423923
4 65 3582853110
4 66 2812737245
4 67 1641712280
4 68 3499658519
4 69 1671710602
4 70 3166802273
4 71 615054156
4 72 4153409083
4 73 30236254
4 74 1587819045
4 75 1549614400
4 76 248680351
4 77 3907033202
4 78 1874205993
4 79 1364051060
4 80 2298225987
4 81 1268812230
4 82 2127615597
4 83 3541976296
4 84 3205817127
4 85 1909392986
4 86 524558833
4 87 1223930524
4 88 2067082571
4 89 444670510
4 90 1595540405
4 91 3404218768
4 92 2070521775
4 93 4189270338
4 94 530235321
4 95 952067524
4 96 1356281427
4 97 1696384918
4 98 1410390525
4 99 2178536248
4 100 1058995511
5 6 2219096362
5 7 1791825537
5 8 2456387052
5 9 155739
5 10 2547325438
5 11 1684699461
5 12 2581961184
5 13 2403795903
5 14 741293586
5 15 1565673033
5 16 2663291668
5 17 1658506083
5 18 1262467430
5 19 2373976461
5 20 2471638408
5 21 3006782279
5 22 26370042
5 23 42299153
5 24 1612668220
5 25 3087570795
5 26 3399894478
5 27 2546897621
5 28 2537178672
5 29 4245398479
5 30 3095510754
5 31 4045779161
5 32 3305137252
5 33 859300979
5 34 1787191094
5 35 2071416093
5 36 2450287576
5 37 572554583
5 38 663026378
5 39 3084266401
5 40 711610508
5 41 2644038267
5 42 2937169310
5 43 1421824101
5 44 2651539072
5 45 2744682463
5 46 2518135730
5 47 3651010409
5 48 779731380
5 49 106922371
5 50 1118681350
5 51 3901734061
5 52 3184358952
5 53 1188684647
5 54 3676932506
5 55 1516784689
5 56 3537852380
5 57 2202276235
5 58 3161733486
5 59 3103109621
5 60 3871185616
5 61 2651762671
5 62 1268653186
5 63 3682873849
5 64 4016026372
5 65 16949907
5 66 917685974
5 67 2845986877
5 68 1536840824
5 69 2695171447
5 70 2026703978
5 71 1210372289
5 72 4099109676
5 73 601576603
5 74 3043688766
5 75 879409029
5 76 1458979616
5 77 1406082047
5 78 3204577618
5 79 299976841
5 80 4247205972
5 81 940722083
5 82 1557301414
5 83 768083917
5 84 95946440
5 85 2198010759
5 86 2751234874
5 87 4248090961
5 88 853254780
5 89 846175147
5 90 2010316046
5 91 425156885
5 92 3516546928
5 93 2289749007
5 94 91245090
5 95 2113815321
5 96 2122666404
5 97 3233771699
5 98 1317666422
5 99 240771933
5 100 4222323992
6 7 632597911
6 8 394587658
6 9 2751530465
6 10 2345461196
6 11 1783752379
6 12 3435736286
6 13 741650085
6 14 2261684160
6 15 1811071007
6 16 861277938
6 17 2539921833
6 18 460259060
6 19 3229294019
6 20 4170590278
6 21 2666586861
6 22 1916397416
6 23 3032163239
6 24 1970490586
6 25 2771564145
6 26 2780577052
6 27 2668836299
6 28 950702254
6 29 867934261
6 30 1140339728
6 31 2857891887
6 32 744507330
6 33 3688621113
6 34 1293500484
6 35 2096516819
6 36 1794377238
6 37 2103838333
6 38 3815249336
6 39 1616338359
6 40 387227562
6 41 934464257
6 42 545171564
6 43 3431237851
6 44 3407095934
6 45 2296722885
6 46 3283889248
6 47 2081125439
6 48 1937503378
6 49 1601080009
6 50 2918782356
6 51 1814168547
6 52 2833291238
6 53 567430669
6 54 1585125384
6 55 1829395399
6 56 3707102842
6 57 4037690257
6 58 3844679612
6 59 649519083
6 60 4007851086
6 61 2800381781
6 62 4261378224
6 63 3048092751
6 64 4208334178
6 65 1550128473
6 66 1237548772
6 67 1143946483
6 68 2027478454
6 69 1854847389
6 70 3623349848
6 71 1133845975
6 72 4276363594
6 73 1401036833
6 74 1980807948
6 75 704330491
6 76 976483358
6 77 3141815525
6 78 2011633920
6 79 3626055775
6 80 4091259442
6 81 3276309481
6 82 3983375412
6 83 193919491
6 84 882497414
6 85 1077168429
6 86 2040764584
6 87 2163778535
6 88 3689697306
6 89 1642291377
6 90 1053450844
6 91 2866977291
6 92 1046751214
6 93 900451957
6 94 2480409936
6 95 545620079
6 96 2671358722
6 97 3403798137
6 98 1999375748
6 99 686963475
6 100 2569045334
7 8 4254858429
7 9 4068677368
7 10 108391927
7 11 3394990826
7 12 733414721
7 13 3828030892
7 14 3862822171
7 15 1477480382
7 16 1478095877
7 17 3782694304
7 18 2554072191
7 19 484257746
7 20 2151288073
7 21 645149396
7 22 1934229539
7 23 2527717158
7 24 668914765
7 25 3336268104
7 26 160300039
7 27 3888023994
7 28 1596329425
7 29 2487741692
7 30 2434688043
7 31 2132159374
7 32 3334978965
7 33 1839854064
7 34 619043983
7 35 1005789346
7 36 1452943257
7 37 3959090212
7 38 1103579443
7 39 548601078
7 40 3931492317
7 41 2687602584
7 42 604098071
7 43 3907163274
7 44 3633936993
7 45 1450561612
7 46 3906260795
7 47 378665822
7 48 405678885
7 49 311747136
7 50 2556686495
7 51 1256752498
7 52 3079349801
7 53 3115661684
7 54 2077955651
7 55 4260939462
7 56 2862215021
7 57 2638907880
7 58 1674732583
7 59 3923022682
7 60 851069681
7 61 1531561884
7 62 3270655563
7 63 3168861998
7 64 1694907573
7 65 3348965008
7 66 3235334319
7 67 3882507842
7 68 2463500473
7 69 3537377988
7 70 2838914899
7 71 2558018710
7 72 2558800637
7 73 2720749624
7 74 1530969655
7 75 1038190122
7 76 1450278785
7 77 1285083884
7 78 2638721371
7 79 463484670
7 80 3628659269
7 81 4050108128
7 82 2023810239
7 83 3462769426
7 84 4001615689
7 85 467177492
7 86 30030947
7 87 3446568550
7 88 1043176077
7 89 2820209288
7 90 818797639
7 91 1066822906
7 92 182982673
7 93 2641883708
7 94 2917541995
7 95 3081544398
7 96 1060064213
7 97 2983832368
7 98 3059860687
7 99 2886167522
7 100 1994226137
8 9 1785436516
8 10 2110231923
8 11 3176684598
8 12 267331101
8 13 228094168
8 14 2939862615
8 15 549472202
8 16 2240222369
8 17 3661374860
8 18 4078871419
8 19 3240313502
8 20 2570209637
8 21 941091712
8 22 2633689311
8 23 3955007666
8 24 241961065
8 25 3582342836
8 26 3852432003
8 27 2616391174
8 28 4234270125
8 29 3866016552
8 30 1435001959
8 31 3127645850
8 32 4193744177
8 33 4168772828
8 34 1132601995
8 35 3814790766
8 36 2819287797
8 37 277315536
8 38 2341294319
8 39 2284996994
8 40 1576565497
8 41 90007556
8 42 3791836051
8 43 2151367638
8 44 4234062141
8 45 1268832632
8 46 1727516279
8 47 1558632810
8 48 706886081
8 49 2802305068
8 50 1575069083
8 51 352525886
8 52 2142384261
8 53 1959618592
8 54 762969343
8 55 3679807058
8 56 1686884745
8 57 2204511572
8 58 199407779
8 59 879642022
8 60 2734596301
8 61 2876492744
8 62 4211735687
8 63 2680000570
8 64 4130366033
8 65 2650355580
8 66 4182650027
8 67 1743149582
8 68 375462421
8 69 2614010992
8 70 2321673487
8 71 1850930978
8 72 124718105
8 73 173377188
8 74 4235207091
8 75 101251958
8 76 2912599133
8 77 426545688
8 78 226487959
8 79 834485002
8 80 3968528097
8 81 4003707596
8 82 3575166907
8 83 3643263454
8 84 3566249893
8 85 162542784
8 86 371597599
8 87 3382180850
8 88 2720737961
8 89 3592451060
8 90 1562119875
8 91 2512938310
8 92 2479619053
8 93 2656054376
8 94 2388305063
8 95 2834487770
8 96 3654999921
8 97 1402753564
8 98 3369223883
8 99 556035502
8 100 620353845
9 10 3755415824
9 11 3236403503
9 12 1154577602
9 13 2525572409
9 14 4093375812
9 15 4153901011
9 16 2812904214
9 17 392912765
9 18 2284034744
9 19 1910185655
9 20 1386966186
9 21 1493775361
9 22 2159541612
9 23 3561740763
9 24 2205762942
9 25 76918469
9 26 753422688
9 27 117921087
9 28 3605815698
9 29 3700560841
9 30 2455571092
9 31 3318969571
9 32 4075377894
9 33 3566331661
9 34 3123436808
9 35 3229768903
9 36 57930618
9 37 1665068177
9 38 1930149052
9 39 798388459
9 40 2667794766
9 41 2459773013
9 42 1019796912
9 43 19289423
9 44 3860185698
9 45 2458836569
9 46 1358476260
9 47 33615347
9 48 4060404406
9 49 3516437149
9 50 4243452760
9 51 2802933463
9 52 3877203530
9 53 3756329249
9 54 3236728844
9 55 1526926331
9 56 1038061854
9 57 2693350885
9 58 3902651904
9 59 1948621151
9 60 398104370
9 61 2366147817
9 62 2428760372
9 63 915467011
9 64 2998473862
9 65 253256237
9 66 1311694248
9 67 2257134823
9 68 1353243930
9 69 883198385
9 70 3924784988
9 71 790801163
9 72 627770606
9 73 1108543349
9 74 3872125520
9 75 3777372527
9 76 545775618
9 77 3871874937
9 78 3287532164
9 79 1312058387
9 80 2785215062
9 81 401233341
9 82 821271544
9 83 69906167
9 84 2322546666
9 85 3580259905
9 86 2800317100
9 87 3972419099
9 88 3863129278
9 89 1563651333
9 90 452491936
9 91 2508778879
9 92 2490014930
9 93 2429982217
9 94 3187484628
9 95 2749133091
9 96 1881121830
9 97 2435280205
9 98 4253101640
9 99 427228423
9 100 2784597690
10 11 3562256081
10 12 971997692
10 13 1291777323
10 14 2890107022
10 15 975402645
10 16 3859306224
10 17 3136224655
10 18 3062877602
10 19 3799838873
10 20 60104996
10 21 314178099
10 22 3096181238
10 23 3391662301
10 24 828150936
10 25 607063831
10 26 1276436874
10 27 1909810017
10 28 3193349452
10 29 2434637883
10 30 243963998
10 31 324805669
10 32 1981843264
10 33 1731809695
10 34 1231319666
10 35 692334377
10 36 447786612
10 37 104728387
10 38 4194632646
10 39 1283917933
10 40 3209350888
10 41 4132693287
10 42 2362318938
10 43 2895410161
10 44 2025053340
10 45 2461224779
10 46 3748977710
10 47 2778101173
10 48 379980688
10 49 2894653871
10 50 1586858818
10 51 955601337
10 52 3666137028
10 53 2316933203
10 54 1384628630
10 55 1813744637
10 56 1599135032
10 57 3861282615
10 58 2943505194
10 59 3514427521
10 60 651962348
10 61 3549495899
10 62 4238300158
10 63 3217779525
10 64 2151539680
10 65 2839463359
10 66 655366162
10 67 4221130825
10 68 3146155284
10 69 1513991523
10 70 1397830502
10 71 3607049101
10 72 3736321928
10 73 3727154503
10 74 42891770
10 75 196002065
10 76 1340376892
10 77 2378676587
10 78 518455246
10 79 3543401685
10 80 684527664
10 81 2549867983
10 82 3271629026
10 83 24724185
10 84 661311076
10 85 4074456691
10 86 3504232758
10 87 629866269
10 88 1878554072
10 89 1830354775
10 90 2884605130
10 91 4103863713
10 92 2485254796
10 93 3282596987
10 94 2858999710
10 95 2202616421
10 96 2474152064
10 97 3751889375
10 98 299208114
10 99 287183209
10 100 3374754740
11 12 2690868099
11 13 3001824006
11 14 1784147629
11 15 4209246248
11 16 3589989735
11 17 2023924634
11 18 602578481
11 19 4247355868
11 20 1338258315
11 21 2122445678
11 22 902046709
11 23 2695193808
11 24 592441839
11 25 2184869506
11 26 3075523577
11 27 3706658052
11 28 2407990419
11 29 3296182486
11 30 3258909245
11 31 1820024440
11 32 537825143
11 33 2901714538
11 34 3213075137
11 35 1305484588
11 36 4109104795
11 37 3318692670
11 38 2728241541
11 39 3724053792
11 40 1382604287
11 41 3793539922
11 42 3608828553
11 43 2151227988
11 44 3711379875
11 45 2210267814
11 46 3831052749
11 47 117674184
11 48 651492743
11 49 3564281146
11 50 193989457
11 51 1378536572
11 52 1848688043
11 53 3324884750
11 54 1678693141
11 55 3596028272
11 56 3096251919
11 57 782869538
11 58 969135385
11 59 28949412
11 60 2795819699
11 61 4064016502
11 62 2986317149
11 63 2986448664
11 64 2853121943
11 65 2448001034
11 66 4202223585
11 67 797872076
11 68 2128840891
11 69 2965006046
11 70 2257625253
11 71 1642453440
11 72 228426271
11 73 1682827506
11 74 517354409
11 75 828762356
11 76 423690179
11 77 1689166406
11 78 3335197933
11 79 1245344104
11 80 1572742567
11 81 1868981978
11 82 3169257585
11 83 3029362460
11 84 43341771
11 85 1909607086
11 86 417075765
11 87 4127850000
11 88 2243639855
11 89 1320591810
11 90 3424286265
11 91 2960304708
11 92 2193404115
11 93 1393754134
11 94 143964285
11 95 4055048120
11 96 4196589495
11 97 2922789290
11 98 1371774209
11 99 2835698284
11 100 4246153947
12 13 2165465726
12 14 3152684997
12 15 4117263968
12 16 3779540543
12 17 1490079378
12 18 496606409
12 19 1096089492
12 20 1627973091
12 21 681972198
12 22 930447373
12 23 1605411336
12 24 1270767047
12 25 384172154
12 26 372741521
12 27 503468476
12 28 2860122603
12 29 2975313486
12 30 854843733
12 31 4293280432
12 32 2095216207
12 33 1556705122
12 34 362587993
12 35 398584036
12 36 1918279411
12 37 333764534
12 38 2110155677
12 39 817363032
12 40 1129422807
12 41 3376593738
12 42 1437332001
12 43 3185337612
12 44 2400115963
12 45 12529182
12 46 4084350693
12 47 1118331648
12 48 1634597471
12 49 1947042866
12 50 1823249897
12 51 682518068
12 52 3306609667
12 53 3599520134
12 54 2128685
12 55 915284648
12 56 98412007
12 57 207186458
12 58 3653874353
12 59 472419420
12 60 2271656971
12 61 1755701742
12 62 3038658677
12 63 3356743504
12 64 1409991279
12 65 3343518978
12 66 563243129
12 67 2052028292
12 68 3355090195
12 69 2509864790
12 70 1834790589
12 71 3359121656
12 72 4238569463
12 73 511118570
12 74 2054805313
12 75 96192428
12 76 3629293339
12 77 2913520062
12 78 32564741
12 79 3352141728
12 80 3860450943
12 81 1584138706
12 82 156704521
12 83 1947868372
12 84 1509089827
12 85 2840158502
12 86 2392065613
12 87 301658952
12 88 3844341255
12 89 86549434
12 90 2917490641
12 91 3500873468
12 92 1055098411
12 93 799335822
12 94 3324194709
12 95 4139432944
12 96 2235309711
12 97 4037048994
12 98 1598273945
12 99 784553508
12 100 3660622643
13 14 1830352630
13 15 3609166301
13 16 1700501912
13 17 3776991255
13 18 1564159626
13 19 410340449
13 20 2890627660
13 21 6975803
13 22 3115791710
13 23 3761118501
13 24 3607112768
13 25 2337452703
13 26 3025428338
13 27 1424046121
13 28 3292537716
13 29 941946947
13 30 264585414
13 31 4103610733
13 32 2300515304
13 33 2258200103
13 34 716942682
13 35 483564785
13 36 4046582172
13 37 4202192971
13 38 1379711278
13 39 2966073013
13 40 134410384
13 41 1316915887
13 42 791984194
13 43 2717424313
13 44 2680521924
13 45 58771795
13 46 1665875606
13 47 1591141629
13 48 155869752
13 49 4023402551
13 50 2834767914
13 51 1810256257
13 52 1899199724
13 53 3000914779
13 54 181563646
13 55 2867979333
13 56 2523400416
13 57 824223423
13 58 103712018
13 59 345170249
13 60 3452467732
13 61 2083855971
13 62 2900881510
13 63 3891580045
13 64 2267186312
13 65 3410353735
13 66 444237562
13 67 2497276433
13 68 3345292348
13 69 1739410027
13 70 3495255246
13 71 3822894549
13 72 1276409136
13 73 2983855823
13 74 3446588898
13 75 553192409
13 76 1274938212
13 77 2725443443
13 78 1964529206
13 79 1279973405
13 80 153909976
13 81 1807433815
13 82 2568151498
13 83 2501174945
13 84 2820394892
13 85 523650427
13 86 987921566
13 87 2734963557
13 88 2962816
13 89 2072750815
13 90 3630332594
13 91 1907628649
13 92 1499144372
13 93 1185633411
13 94 1469673478
13 95 3262252973
13 96 1261258024
13 97 3627116135
13 98 3855429786
13 99 1749141297
13 100 820811484
14 15 3087680651
14 16 1574359150
14 17 4062272757
14 18 3877063120
14 19 1968607983
14 20 162964354
14 21 2005732601
14 22 3323253252
14 23 428815763
14 24 3546824150
14 25 2336447293
14 26 237626232
14 27 3689500791
14 28 955675498
14 29 2554923969
14 30 950825516
14 31 4177151899
14 32 2546948158
14 33 757932677
14 34 3799495200
14 35 3533422335
14 36 2740469842
14 37 4186760073
14 38 1134565204
14 39 3155139235
14 40 448905126
14 41 2178405069
14 42 1751602632
14 43 375651975
14 44 303802938
14 45 3444814929
14 46 2674942332
14 47 2702659243
14 48 1655247886
14 49 2455800853
14 50 3509808752
14 51 586952463
14 52 376721698
14 53 2768018969
14 54 3031560356
14 55 3479012275
14 56 3810719094
14 57 2877845085
14 58 359308312
14 59 191000727
14 60 134862090
14 61 1573568737
14 62 2660066508
14 63 2008177083
14 64 595657694
14 65 3526662565
14 66 3748626112
14 67 1649992479
14 68 3547846130
14 69 2640657577
14 70 2101304820
14 71 82440387
14 72 893968198
14 73 3354275309
14 74 3321411176
14 75 853911207
14 76 2563634138
14 77 3730256241
14 78 412646428
14 79 1549560011
14 80 4206110638
14 81 2674019125
14 82 3599819536
14 83 148036399
14 84 437243586
14 85 210747193
14 86 3531431748
14 87 778428883
14 88 1026587926
14 89 3772911997
14 90 1880532152
14 91 154050743
14 92 4189390506
14 93 2984379905
14 94 3915818860
14 95 1457945563
14 96 2480897918
14 97 1055039685
14 98 1832688480
14 99 449517375
14 100 3374922642
15 16 2995070409
15 17 182514836
15 18 1304581859
15 19 437702374
15 20 3665631501
15 21 2668193544
15 22 515792583
15 23 3880521082
15 24 2576629393
15 25 906815164
15 26 2808189675
15 27 4125100878
15 28 401513045
15 29 2539104176
15 30 954373967
15 31 787553378
15 32 1972269145
15 33 3995016676
15 34 2771406835
15 35 2927154358
15 36 51922077
15 37 3277192536
15 38 676716759
15 39 1969227850
15 40 1154931489
15 41 3168811532
15 42 3592334843
15 43 1389546270
15 44 1140799461
15 45 3590785024
15 46 2952420191
15 47 3637801266
15 48 4063534825
15 49 86825780
15 50 3340815619
15 51 1880329862
15 52 2739704877
15 53 2193713064
15 54 251012839
15 55 3741185818
15 56 3780303793
15 57 628466012
15 58 3283012875
15 59 3625238254
15 60 516782453
15 61 2276441168
15 62 2301846383
15 63 1669347842
15 64 188789113
15 65 3930008708
15 66 2789527059
15 67 937688150
15 68 2381514685
15 69 139503096
15 70 4292882679
15 71 1450367466
15 72 2867937345
15 73 1352801452
15 74 3101880347
15 75 2118313662
15 76 3595722501
15 77 938919072
15 78 2582556543
15 79 1256290002
15 80 2042341385
15 81 2563445204
15 82 2777502499
15 83 304553510
15 84 2955190093
15 85 1414051912
15 86 2090139399
15 87 3578507450
15 88 2077952209
15 89 2826611708
15 90 1993086763
15 91 3644473998
15 92 4207339669
15 93 4022411504
15 94 2479701903
15 95 3122997154
15 96 1559134873
15 97 3179645732
15 98 2821413939
15 99 240776182
15 100 2704956125
16 17 2351865496
16 18 1792381207
16 19 3965025162
16 20 1551447393
16 21 1884573516
16 22 1186677307
16 23 3893875294
16 24 245634597
16 25 2234765632
16 26 347083679
16 27 1538804850
16 28 3395436841
16 29 107190388
16 30 563079491
16 31 255425990
16 32 852310637
16 33 1254578408
16 34 614655783
16 35 2476554842
16 36 326419953
16 37 348391068
16 38 172061003
16 39 3845690926
16 40 379774901
16 41 3954431376
16 42 3065523119
16 43 692577602
16 44 1574953913
16 45 1922709956
16 46 627833427
16 47 2596453270
16 48 11943421
16 49 4028098360
16 50 2285764919
16 51 4201639210
16 52 3048651393
16 53 2074005996
16 54 1261413467
16 55 372870654
16 56 700210501
16 57 2212900320
16 58 541493183
16 59 1002500626
16 60 3379587657
16 61 2728292116
16 62 2008059747
16 63 2855447910
16 64 17720717
16 65 4049947016
16 66 136830791
16 67 1465553914
16 68 912790289
16 69 1408872764
16 70 1268177771
16 71 2616703438
16 72 19494613
16 73 1806686768
16 74 335292367
16 75 2605740770
16 76 1700582617
16 77 673527908
16 78 2626594931
16 79 2047234870
16 80 338604317
16 81 691306456
16 82 3139535191
16 83 3089772234
16 84 4143042465
16 85 1714005132
16 86 365434491
16 87 1116739998
16 88 2288202853
16 89 3459635840
16 90 2159676383
16 91 258172850
16 92 3224249193
16 93 3592656308
16 94 3900130691
16 95 1509600518
16 96 2494570669
16 97 659196456
16 98 1814816615
16 99 3521887642
16 100 1459417137
17 18 3821251548
17 19 2354337163
17 20 1365224814
17 21 1830983157
17 22 870133456
17 23 2443260911
17 24 4003909762
17 25 783111673
17 26 281970436
17 27 2417714835
17 28 2097986262
17 29 3882595389
17 30 2158782584
17 31 2861044087
17 32 3505143914
17 33 1148351681
17 34 3080505132
17 35 2047645851
17 36 1526953278
17 37 2942344069
17 38 3528120096
17 39 3188891647
17 40 4010257746
17 41 1541631113
17 42 496700500
17 43 3094088611
17 44 3380182182
17 45 192572365
17 46 530520776
17 47 3652648839
17 48 683194170
17 49 3413859665
17 50 3586782844
17 51 2718031787
17 52 223899918
17 53 827737365
17 54 3697529712
17 55 3652145167
17 56 4122148386
17 57 3642320665
17 58 1933452708
17 59 2258252979
17 60 2831020662
17 61 708134749
17 62 2477236504
17 63 1098494359
17 64 1679696394
17 65 2793449953
17 66 2342533580
17 67 3481610939
17 68 24879326
17 69 1199346341
17 70 3528270784
17 71 609764383
17 72 3876963058
17 73 2916631977
17 74 162321140
17 75 806805955
17 76 3617004614
17 77 657802989
17 78 1636498280
17 79 500246439
17 80 4113137882
17 81 3458947697
17 82 3484717340
17 83 3861346763
17 84 2345272494
17 85 1217168437
17 86 3513501712
17 87 1512995887
17 88 1994193858
17 89 3890808889
17 90 2853966916
17 91 177410771
17 92 906099222
17 93 810773117
17 94 1397631416
17 95 2935906743
17 96 86496170
17 97 157576961
17 98 2447113324
17 99 4055485659
17 100 2346753150
18 19 494868933
18 20 3831808096
18 21 3281188927
18 22 4160071826
18 23 726970057
18 24 1057024404
18 25 2617231331
18 26 2537262054
18 27 1302901261
18 28 3358993416
18 29 1233280967
18 30 1151736442
18 31 2102716305
18 32 187399100
18 33 911025131
18 34 1016883278
18 35 3515700053
18 36 1394412720
18 37 1160165455
18 38 747424098
18 39 1113864537
18 40 605049572
18 41 2861433075
18 42 2445332918
18 43 4052622749
18 44 80216664
18 45 1713250775
18 46 3144766794
18 47 1030079521
18 48 234360588
18 49 1077051131
18 50 68839454
18 51 573583589
18 52 4072254720
18 53 1875557471
18 54 370105906
18 55 2912987113
18 56 1983860788
18 57 1286520323
18 58 1330563974
18 59 2291969325
18 60 2194189480
18 61 2983372775
18 62 2560001050
18 63 3678405809
18 64 1440134748
18 65 4093304331
18 66 1136106478
18 67 253801077
18 68 1973395792
18 69 2426405999
18 70 3307890434
18 71 869464697
18 72 1673716100
18 73 4178771731
18 74 1558346070
18 75 162357437
18 76 1094527736
18 77 501281271
18 78 40019690
18 79 4140607809
18 80 3617354156
18 81 2658615579
18 82 672203710
18 83 1784141829
18 84 3144935840
18 85 3238498431
18 86 701162450
18 87 1912877321
18 88 2081425108
18 89 2527839267
18 90 2058935078
18 91 2245605453
18 92 342523208
18 93 4022992903
18 94 3865230778
18 95 3459559889
18 96 291389692
18 97 79210539
18 98 2030280590
18 99 1745789333
18 100 555451888
19 20 4137836687
19 21 3810383010
19 22 1803373465
19 23 4292591652
19 24 2359954739
19 25 1817112822
19 26 3094950877
19 27 4124418968
19 28 3511603735
19 29 3378759818
19 30 3454082657
19 31 1517364300
19 32 1947210555
19 33 1772908382
19 34 784207653
19 35 3501946432
19 36 324105375
19 37 261110130
19 38 432491049
19 39 823856500
19 40 3531528771
19 41 3361848006
19 42 2535871341
19 43 1413717480
19 44 3765463079
19 45 2540881754
19 46 544927473
19 47 862591900
19 48 3524166219
19 49 1751675694
19 50 1730093237
19 51 297319056
19 52 4113943727
19 53 483332674
19 54 4239076537
19 55 2734878404
19 56 4292553555
19 57 3371055254
19 58 3787036413
19 59 1673096248
19 60 3211772471
19 61 1943845418
19 62 1055597441
19 63 2518558444
19 64 2894394715
19 65 4006914814
19 66 3425359429
19 67 2562216672
19 68 2259708095
19 69 2546425618
19 70 2855400265
19 71 2315805716
19 72 1555038307
19 73 456223334
19 74 2991324813
19 75 1836846728
19 76 2764955719
19 77 2301534458
19 78 2153430033
19 79 1168262716
19 80 1233415275
19 81 1372460750
19 82 3139055573
19 83 3617537840
19 84 3462547663
19 85 4238745570
19 86 1587846617
19 87 199257444
19 88 4046346611
19 89 2947043382
19 90 221678109
19 91 537953496
19 92 1800127063
19 93 3644160970
19 94 2855450785
19 95 508262796
19 96 3076384635
19 97 2440148638
19 98 3278253413
19 99 1301446528
19 100 4281101535
20 21 2262324402
20 22 2357996649
20 23 2407533236
20 24 2512860803
20 25 2316298758
20 26 1897019821
20 27 3745238824
20 28 2716493927
20 29 217991834
20 30 2149325105
20 31 1705951452
20 32 3701630603
20 33 689736302
20 34 919064309
20 35 3606516688
20 36 2284836079
20 37 17497474
20 38 1823579897
20 39 219954180
20 40 53188499
20 41 2439329750
20 42 1723338045
20 43 335736184
20 44 2615857783
20 45 1154878826
20 46 1409277377
20 47 446766124
20 48 2283989403
20 49 3748368958
20 50 3107460229
20 51 4252105760
20 52 617447679
20 53 2502629970
20 54 2384328073
20 55 1579811156
20 56 3796663459
20 57 1608858022
20 58 289473741
20 59 2091573192
20 60 2160984199
20 61 3897148474
20 62 2517042769
20 63 1161268092
20 64 2163241131
20 65 2520501774
20 66 3505389077
20 67 1206401136
20 68 3970330895
20 69 2623908642
20 70 1712992281
20 71 2371771044
20 72 3696944563
20 73 319614838
20 74 3188072541
20 75 2092475928
20 76 1549070999
20 77 1982230282
20 78 1687851745
20 79 1187450572
20 80 2522610619
20 81 447364574
20 82 1986562981
20 83 2323564736
20 84 1671144735
20 85 1864871922
20 86 3761196713
20 87 648955892
20 88 2865222339
20 89 463034694
20 90 1956667373
20 91 1827749992
20 92 780183719
20 93 1417219546
20 94 476283761
20 95 702850588
20 96 2952170187
20 97 4111720878
20 98 2757410101
20 99 916106512
20 100 2311986479
21 22 891168962
21 23 3995488569
21 24 2270087492
21 25 658785235
21 26 226981654
21 27 2263401341
21 28 3948523192
21 29 4220658359
21 30 2693701802
21 31 3897219073
21 32 4066726252
21 33 3717275099
21 34 957725054
21 35 3888091845
21 36 2866865504
21 37 3953056063
21 38 3040220562
21 39 403191753
21 40 766828180
21 41 1539389667
21 42 1880377574
21 43 553143053
21 44 725020936
21 45 3691667655
21 46 4277413754
21 47 1366921361
21 48 3982364860
21 49 1732031723
21 50 1435288910
21 51 4023389269
21 52 2201383344
21 53 2981026127
21 54 631010914
21 55 203293273
21 56 160794596
21 57 2456793587
21 58 2377961142
21 59 3643274909
21 60 1158547288
21 61 212493015
21 62 1802936906
21 63 3478695201
21 64 19129356
21 65 3712634875
21 66 3835036958
21 67 503654885
21 68 3904918016
21 69 2967412063
21 70 4223552306
21 71 787525865
21 72 3420833076
21 73 1707126531
21 74 1144916102
21 75 1074841133
21 76 2258891176
21 77 4268959975
21 78 153293082
21 79 1469132209
21 80 4249602908
21 81 675999499
21 82 2072934638
21 83 370666357
21 84 3789784656
21 85 2052105583
21 86 3158873090
21 87 726221689
21 88 920295044
21 89 3496292371
21 90 3566532182
21 91 1888205245
21 92 3271405560
21 93 1722135287
21 94 4064703466
21 95 3993768513
21 96 3937060524
21 97 2567934491
21 98 2064851134
21 99 1308709125
21 100 2722434720
22 23 1801744767
22 24 3408416978
22 25 2184231433
22 26 1843985364
22 27 1028535587
22 28 3003029542
22 29 2679230797
22 30 2724217416
22 31 1321402631
22 32 141413050
22 33 888298193
22 34 1532351996
22 35 4171839787
22 36 3741383822
22 37 2650430101
22 38 3670665968
22 39 3183182223
22 40 998932898
22 41 451941529
22 42 1170601252
22 43 2544680499
22 44 1459088886
22 45 2900102365
22 46 4065372312
22 47 613159703
22 48 3295024522
22 49 4239198049
22 50 3131177292
22 51 2557011003
22 52 242551902
22 53 3497789477
22 54 160897856
22 55 2536953247
22 56 2682005106
22 57 3541062441
22 58 2489746036
22 59 1525795651
22 60 188610502
22 61 2980277357
22 62 4120109800
22 63 3389122855
22 64 104617050
22 65 3555006449
22 66 2636394652
22 67 1642042187
22 68 2882293806
22 69 843012533
22 70 3390152592
22 71 435645871
22 72 3653910338
22 73 240809401
22 74 2164237252
22 75 2731433043
22 76 3184375190
22 77 2447437821
22 78 3022975288
22 79 2774893367
22 80 3846014762
22 81 2541980801
22 82 280067052
22 83 3873326683
22 84 1688455166
22 85 574443333
22 86 618559456
22 87 1952336319
22 88 3930180626
22 89 1188527177
22 90 3557185812
22 91 993227107
22 92 3487836006
22 93 2343409549
22 94 1265030024
22 95 2973229383
22 96 2146872826
22 97 45180177
22 98 3965639484
22 99 1903557995
22 100 3252188110
23 24 2712594645
23 25 3756172336
23 26 4044122575
23 27 3245329634
23 28 2630903513
23 29 1194304100
23 30 2958166643
23 31 3858648374
23 32 3345113885
23 33 1036028376
23 34 2352612183
23 35 3426011338
23 36 1054319009
23 37 545345164
23 38 335001723
23 39 4152841118
23 40 3826067045
23 41 3460506752
23 42 115527135
23 43 247546290
23 44 1724790121
23 45 3580919732
23 46 1587226499
23 47 3084461830
23 48 3885519533
23 49 3271627816
23 50 2305616231
23 51 1728370586
23 52 1939817009
23 53 112055772
23 54 3103029131
23 55 3037554542
23 56 3742435317
23 57 543488208
23 58 1761768943
23 59 283323010
23 60 3248089081
23 61 184414468
23 62 2193606803
23 63 3765548246
23 64 2569561661
23 65 405631608
23 66 3222377335
23 67 1689508458
23 68 1458652865
23 69 2981720364
23 70 859650715
23 71 4110921534
23 72 3669200261
23 73 3018662176
23 74 382493183
23 75 1707247442
23 76 540835465
23 77 1431107156
23 78 1236331939
23 79 2919560870
23 80 590061005
23 81 3481969864
23 82 464060807
23 83 550424890
23 84 3170283345
23 85 1035542652
23 86 1306722731
23 87 3444779790
23 88 19773205
23 89 1673567600
23 90 1809945103
23 91 3666630690
23 92 3690920217
23 93 1393725348
23 94 3768555187
23 95 4061129846
23 96 4143642973
23 97 547203864
23 98 1811166103
23 99 237157386
23 100 672693217
24 25 536994764
24 26 3694578875
24 27 1057807070
24 28 4009264293
24 29 1476685248
24 30 807601695
24 31 1001233650
24 32 3295303593
24 33 608419060
24 34 2231157699
24 35 3511653958
24 36 1076852973
24 37 942376296
24 38 1962158503
24 39 2260507354
24 40 1493150833
24 41 1999158044
24 42 3385433035
24 43 110214830
24 44 1120728629
24 45 1444778512
24 46 2813443631
24 47 617829826
24 48 2940705337
24 49 3121970756
24 50 2490987731
24 51 2478896150
24 52 1956781181
24 53 2285450168
24 54 4276741047
24 55 2615766442
24 56 3734323457
24 57 1526900332
24 58 711749339
24 59 1803474558
24 60 765725637
24 61 280037984
24 62 2733554239
24 63 3505029778
24 64 144687305
24 65 654103444
24 66 2634459619
24 67 1956709862
24 68 3832275981
24 69 403420680
24 70 3864420807
24 71 3862312058
24 72 2785163665
24 73 748987836
24 74 1244677611
24 75 280044110
24 76 45532501
24 77 2007226032
24 78 2390424143
24 79 3927974754
24 80 1656474457
24 81 4004429028
24 82 1825923827
24 83 1919732662
24 84 1239797661
24 85 3559394392
24 86 737846231
24 87 1433399114
24 88 2326763041
24 89 3865295116
24 90 3177586939
24 91 3292897822
24 92 3346932453
24 93 135984896
24 94 2201452127
24 95 1507932210
24 96 103070185
24 97 1444952628
24 98 576102403
24 99 518079878
24 100 1504239405
25 26 3729995432
25 27 81242599
25 28 10722842
25 29 3863369393
25 30 1809113180
25 31 1889468427
25 32 1335449070
25 33 3283297397
25 34 477850448
25 35 1447380591
25 36 416989442
25 37 2174979193
25 38 3011922820
25 39 1010524435
25 40 1861972822
25 41 1385042621
25 42 3717346552
25 43 3928912887
25 44 4129177834
25 45 548371265
25 46 3654097836
25 47 3098272539
25 48 1195982270
25 49 290376197
25 50 1013592992
25 51 2835698303
25 52 4277779922
25 53 977355529
25 54 3193303252
25 55 2842994211
25 56 2331530534
25 57 2377017933
25 58 1311377224
25 59 2843738631
25 60 191682490
25 61 1075053521
25 62 3596708604
25 63 1654508075
25 64 3677510030
25 65 747246485
25 66 1825329136
25 67 4179141263
25 68 2473275042
25 69 4215725465
25 70 3745786404
25 71 3644026675
25 72 2656365302
25 73 241362397
25 74 3516902808
25 75 1955419159
25 76 2908512906
25 77 2027745377
25 78 3773222476
25 79 3284514107
25 80 2792466782
25 81 2212364581
25 82 2143731776
25 83 2959095455
25 84 3701216114
25 85 2252168233
25 86 2152068980
25 87 3404250179
25 88 2815308998
25 89 306480493
25 90 2125998056
25 91 4049037863
25 92 2952388954
25 93 3182641393
25 94 2717009308
25 95 3384058955
25 96 2137271598
25 97 134451893
25 98 1690207376
25 99 888999599
25 100 809069634
26 27 586006201
26 28 1552963780
26 29 507874643
26 30 1231106710
26 31 2704034045
26 32 829978168
26 33 1243563063
26 34 512906282
26 35 1333785985
26 36 995676396
26 37 171677531
26 38 1202119934
26 39 3153315909
26 40 2019073248
26 41 4182780607
26 42 53491986
26 43 794887497
26 44 3499642388
26 45 591061603
26 46 2555044966
26 47 489894029
26 48 3676674184
26 49 1030087239
26 50 196262650
26 51 1298927121
26 52 2553245756
26 53 3547041387
26 54 3155611854
26 55 1156030933
26 56 3564767536
26 57 2348452559
26 58 3115153890
26 59 2950705113
26 60 705877860
26 61 3925457779
26 62 3976743478
26 63 3534896157
26 64 3527708376
26 65 770458711
26 66 1630016970
26 67 1155566241
26 68 3167429516
26 69 999655803
26 70 1154543774
26 71 2052595557
26 72 2689059200
26 73 2816290527
26 74 1998466738
26 75 3740548713
26 76 4160025780
26 77 1391663235
26 78 3008783366
26 79 2286054317
26 80 580540712
26 81 850618983
26 82 2952750234
26 83 3246811953
26 84 381741788
26 85 826968203
26 86 3308405870
26 87 4127080693
26 88 1613159888
26 89 1142494959
26 90 3996080002
26 91 3177591033
26 92 1517528580
26 93 517470611
26 94 976368086
26 95 247250749
26 96 3710646136
26 97 654070903
26 98 8759146
26 99 3712397249
26 100 3437610540
27 28 2338032539
27 29 1809304638
27 30 2748515973
27 31 1169966624
27 32 2752463615
27 33 818803794
27 34 2722039689
27 35 1392765780
27 36 4271464099
27 37 2212017062
27 38 3510253261
27 39 1748920776
27 40 3125281415
27 41 2722618938
27 42 3494533201
27 43 256816508
27 44 416912043
27 45 2191427598
27 46 1376743445
27 47 2146239088
27 48 1734390543
27 49 2150040866
27 50 3402088985
27 51 341492900
27 52 2741520307
27 53 365357430
27 54 1695797853
27 55 3478564888
27 56 2153215127
27 57 4229105930
27 58 2163893473
27 59 1733343436
27 60 2970983867
27 61 1050900446
27 62 1093434789
27 63 2329809600
27 64 2582538015
27 65 480741874
27 66 3934871721
27 67 1382887924
27 68 3468014787
27 69 3367621446
27 70 434278893
27 71 322554472
27 72 19638951
27 73 1542727642
27 74 335533425
27 75 125882396
27 76 1134603467
27 77 2420349870
27 78 3018010421
27 79 2146727696
27 80 3285802799
27 81 368870082
27 82 3142378297
27 83 2456826692
27 84 1647486419
27 85 2561569046
27 86 2306831741
27 87 2045556920
27 88 3372590263
27 89 3342351018
27 90 2084809217
27 91 464780140
27 92 3897278427
27 93 4078695294
27 94 2133624005
27 95 1708470112
27 96 4186086207
27 97 454225810
27 98 2367375817
27 99 2061027476
27 100 1875909347
28 29 1960952550
28 30 671317261
28 31 3736369928
28 32 2019975879
28 33 3396092282
28 34 183427729
28 35 419379900
28 36 4012365547
28 37 1040809806
28 38 2587983445
28 39 2154118064
28 40 3951762255
28 41 1243074658
28 42 3594359897
28 43 593228260
28 44 1237259251
28 45 265341110
28 46 3553077405
28 47 35000664
28 48 3557745879
28 49 1230847050
28 50 4285169441
28 51 230133260
28 52 4035310075
28 53 1932082974
28 54 2929400805
28 55 2697567232
28 56 4141080415
28 57 7873842
28 58 3275539177
28 59 1693364020
28 60 2456850691
28 61 2939716230
28 62 1701115949
28 63 3654712232
28 64 3573557991
28 65 1326983962
28 66 392134577
28 67 4050777436
28 68 3707179275
28 69 2413310702
28 70 2817678709
28 71 1969705040
28 72 880666479
28 73 2866867714
28 74 3336689017
28 75 700842116
28 76 1284870675
28 77 4229296214
28 78 1068788669
28 79 3774527992
28 80 3095082231
28 81 3723103722
28 82 515302465
28 83 4110643372
28 84 223097883
28 85 1555258046
28 86 1145062149
28 87 3655555232
28 88 2313827199
28 89 2503944914
28 90 708168713
28 91 3176588756
28 92 3944683299
28 93 3534098982
28 94 3754885965
28 95 1741147208
28 96 268501767
28 97 3210732730
28 98 2140777681
28 99 3531669500
28 100 1385585451
29 30 1033352846
29 31 2747124885
29 32 656585968
29 33 3099181967
29 34 3133135778
29 35 2625742489
29 36 475422500
29 37 1631461427
29 38 308668406
29 39 1829617373
29 40 3821187736
29 41 3511850263
29 42 1413918602
29 43 3530611041
29 44 490709836
29 45 103188027
29 46 27412062
29 47 3638819365
29 48 2202690880
29 49 1858967455
29 50 2513436786
29 51 3276694825
29 52 1153002612
29 53 845393219
29 54 1846702534
29 55 1225367149
29 56 1068526824
29 57 1718676263
29 58 1688956506
29 59 1843751409
29 60 2446613148
29 61 428717387
29 62 3006269998
29 63 2020330421
29 64 834627984
29 65 1447473071
29 66 4028406082
29 67 3395618745
29 68 2243235268
29 69 2185281107
29 70 1000910742
29 71 2677776893
29 72 731249464
29 73 3181184311
29 74 4024115498
29 75 4141899393
29 76 1712596460
29 77 647817307
29 78 1742602750
29 79 692994373
29 80 3810968032
29 81 629541823
29 82 2995955218
29 83 4090400329
29 84 3485352724
29 85 616977251
29 86 1147511142
29 87 4141664653
29 88 1824021896
29 89 1498932039
29 90 4234332154
29 91 4035622673
29 92 2568226108
29 93 2137333611
29 94 277425614
29 95 885283541
29 96 90533424
29 97 2938940367
29 98 3042911970
29 99 668203225
29 100 76156004
30 31 2921688179
30 32 2496022326
30 33 3206944029
30 34 765236184
30 35 1617069399
30 36 1745838794
30 37 1280144289
30 38 1126758540
30 39 1043815035
30 40 1229884830
30 41 373758053
30 42 329281152
30 43 4061892575
30 44 2414812082
30 45 2231256937
30 46 1192061364
30 47 2194606467
30 48 1283956998
30 49 3809510573
30 50 1309122088
30 51 2914904935
30 52 3085824410
30 53 4191261745
30 54 3857186780
30 55 1436850571
30 56 696983918
30 57 193952245
30 58 3862741712
30 59 695449583
30 60 1760527490
30 61 4028004857
30 62 1266506500
30 63 3883149971
30 64 1856417494
30 65 1467291709
30 66 3003022456
30 67 3769308535
30 68 3897259114
30 69 1996495041
30 70 3156613932
30 71 2692603035
30 72 333179198
30 73 2761326469
30 74 48196384
30 75 3700827135
30 76 3326959954
30 77 2753925257
30 78 2806964308
30 79 285593507
30 80 2975887526
30 81 2876035021
30 82 2529570504
30 83 1823146887
30 84 1018489658
30 85 1610744145
30 86 167266940
30 87 4057211819
30 88 2250106126
30 89 1402284309
30 90 3966592880
30 91 4012102671
30 92 1563800098
30 93 3262417689
30 94 557250980
30 95 884275379
30 96 1311893110
30 97 2555423581
30 98 3638801688
30 99 2843653527
30 100 267867658
31 32 4282404321
31 33 1823706572
31 34 620261051
31 35 3916305630
31 36 4244928165
31 37 1930147776
31 38 2969421855
31 39 3793057522
31 40 3800852905
31 41 19572468
31 42 2549261763
31 43 3520598086
31 44 2444864237
31 45 1310461800
31 46 3810995111
31 47 2753541338
31 48 3714317937
31 49 720168220
31 50 763084235
31 51 1646885038
31 52 2275239989
31 53 69164048
31 54 3997499439
31 55 3633950658
31 56 2721459257
31 57 1616832580
31 58 2691684051
31 59 3964661270
31 60 1434504829
31 61 276053432
31 62 1776641463
31 63 4068149162
31 64 1364595457
31 65 2222542956
31 66 657395931
31 67 2683113598
31 68 1817771461
31 69 4199371872
31 70 4284120127
31 71 1672436882
31 72 897241801
31 73 2034810260
31 74 3827141603
31 75 1087799270
31 76 2076120589
31 77 3476111368
31 78 2721735623
31 79 2073448058
31 80 272599953
31 81 40751036
31 82 1713596395
31 83 2912279630
31 84 1181759317
31 85 3984236720
31 86 3638508623
31 87 360938850
31 88 4137901401
31 89 4154271460
31 90 959235315
31 91 904447414
31 92 114131357
31 93 517477976
31 94 350692823
31 95 389974346
31 96 3179898913
31 97 3340722956
31 98 2259272443
31 99 3242253342
31 100 1666979045
32 33 46940416
32 34 464797791
32 35 3213038130
32 36 4130917353
32 37 1213277236
32 38 3322839555
32 39 3309551494
32 40 4081389869
32 41 3375218856
32 42 2129439719
32 43 3296770074
32 44 2061281457
32 45 3726838364
32 46 2102600203
32 47 206245870
32 48 1389729397
32 49 1017591120
32 50 620398703
32 51 1113266946
32 52 2332302969
32 53 3919164804
32 54 292799251
32 55 1273261398
32 56 3355362493
32 57 490159864
32 58 3784046071
32 59 2041174762
32 60 2015513921
32 61 2353907116
32 62 2800780571
32 63 2337372094
32 64 1993718789
32 65 3400564128
32 66 504566911
32 67 1576572882
32 68 3792590089
32 69 3136019156
32 70 307071011
32 71 1510461222
32 72 638819405
32 73 1060737352
32 74 2454062087
32 75 4098290106
32 76 2206422481
32 77 2679411964
32 78 3633507371
32 79 3593540494
32 80 2476049813
32 81 1506613744
32 82 211739791
32 83 2173208738
32 84 2392879001
32 85 1291621412
32 86 1070387507
32 87 2200626422
32 88 1490851805
32 89 2025437080
32 90 1255921175
32 91 2300902538
32 92 2573779553
32 93 3215751244
32 94 1871402811
32 95 4026983262
32 96 1603138341
32 97 1679952448
32 98 3799971999
32 99 2608328050
32 100 440626729
33 34 834724212
33 35 2707594819
33 36 772452038
33 37 3857889133
33 38 2289873384
33 39 961440807
33 40 4098947930
33 41 1954255601
33 42 3167383452
33 43 1634387531
33 44 389015342
33 45 326632629
33 46 2165591696
33 47 2379501743
33 48 3916678722
33 49 2495631545
33 50 1282261700
33 51 3737120595
33 52 1688480918
33 53 489618173
33 54 4068966456
33 55 266257975
33 56 689434154
33 57 497338241
33 58 3773004524
33 59 1275214171
33 60 2504597246
33 61 4199332421
33 62 3041453792
33 63 150990015
33 64 3362329362
33 65 606082889
33 66 561526804
33 67 1339409507
33 68 2754895462
33 69 2829738637
33 70 1344217736
33 71 353231943
33 72 570873082
33 73 2081251345
33 74 1057790524
33 75 2237837419
33 76 2402257614
33 77 21304277
33 78 3265581872
33 79 1789054159
33 80 2223297506
33 81 2494284249
33 82 647315812
33 83 215293299
33 84 2906145846
33 85 482209309
33 86 2680723672
33 87 865912407
33 88 2968170442
33 89 3843972257
33 90 60476812
33 91 735914875
33 92 3573557918
33 93 1205473637
33 94 2018317184
33 95 4120768735
33 96 691275954
33 97 3907801193
33 98 314171060
33 99 4264491651
33 100 1399643654
34 35 2281872813
34 36 2504581928
34 37 176974951
34 38 1322286746
34 39 2894118193
34 40 3290633436
34 41 906144395
34 42 2987916910
34 43 2948903669
34 44 44476368
34 45 689068271
34 46 1361293698
34 47 3920282361
34 48 773525508
34 49 3969145747
34 50 1305422806
34 51 55669053
34 52 3919905144
34 53 4246591095
34 54 3959767402
34 55 3021832641
34 56 3480907820
34 57 2191797659
34 58 3172206142
34 59 1828583557
34 60 995528736
34 61 3496019199
34 62 4131442258
34 63 3052411273
34 64 2720912724
34 65 2432057507
34 66 110898598
34 67 1103325389
34 68 2871129032
34 69 1121059975
34 70 3222665274
34 71 4229802577
34 72 2109071228
34 73 3906122923
34 74 2815509006
34 75 2512314901
34 76 4181838960
34 77 321582351
34 78 1102602018
34 79 1392858137
34 80 3383176868
34 81 2760223155
34 82 1800463222
34 83 548504669
34 84 2370091544
34 85 4150916759
34 86 433038090
34 87 854210273
34 88 2150261452
34 89 1205813179
34 90 258781662
34 91 2994761637
34 92 1619877056
34 93 2236688671
34 94 1542939634
34 95 1014198953
34 96 2155617268
34 97 4038301379
34 98 3165277510
34 99 934593517
34 100 953308264
35 36 719760551
35 37 792674778
35 38 1160521585
35 39 829225500
35 40 2539310795
35 41 1279481262
35 42 1308336437
35 43 849232144
35 44 922001711
35 45 1017830594
35 46 4093867321
35 47 1944165700
35 48 1597048787
35 49 1587899158
35 50 1755719549
35 51 2614084280
35 52 4052297399
35 53 3987854506
35 54 3989601281
35 55 3847398764
35 56 4145439195
35 57 1106390398
35 58 2234087109
35 59 504985952
35 60 3296091455
35 61 2059389330
35 62 2445171657
35 63 1917629076
35 64 166657251
35 65 2826910950
35 66 1872670477
35 67 964822280
35 68 1943168199
35 69 3384040314
35 70 1173632145
35 71 955278524
35 72 3206740203
35 73 794179918
35 74 2537746517
35 75 249824688
35 76 1719098703
35 77 476260962
35 78 1408050777
35 79 3144834020
35 80 1260287475
35 81 3031745206
35 82 1928813213
35 83 2054036312
35 84 4270024407
35 85 2400441930
35 86 1426870561
35 87 1654339596
35 88 2412876795
35 89 2123135262
35 90 1975586277
35 91 2116216320
35 92 30974303
35 93 1728184114
35 94 790156521
35 95 1346869556
35 96 3442504451
35 97 822279302
35 98 2471045677
35 99 4233692584
35 100 312290535
36 37 819807514
36 38 2696794545
36 39 2179473244
36 40 1639133963
36 41 2498882798
36 42 1415368565
36 43 3258653264
36 44 935012719
36 45 2940815362
36 46 1577740153
36 47 1124166276
36 48 2597712915
36 49 778496598
36 50 2070748605
36 51 3796354040
36 52 1969272567
36 53 2573051882
36 54 3169957441
36 55 4021033644
36 56 2509821467
36 57 2737018046
36 58 957297925
36 59 1590796960
36 60 1971320191
36 61 690357458
36 62 4056604169
36 63 118804436
36 64 788527395
36 65 4045245478
36 66 4034671949
36 67 612324936
36 68 1078920455
36 69 2049048250
36 70 3687907025
36 71 2382113276
36 72 76774699
36 73 1962832014
36 74 2349940373
36 75 1422622448
36 76 80217487
36 77 3083154850
36 78 1638086809
36 79 3241593124
36 80 2229240371
36 81 3231965686
36 82 1640984797
36 83 3766795416
36 84 4046001943
36 85 469191050
36 86 1573170017
36 87 405622092
36 88 267659323
36 89 1100972126
36 90 2816207909
36 91 1917693760
36 92 460609951
36 93 3180583538
36 94 454850345
36 95 2539411060
36 96 669355843
36 97 3082218438
36 98 2030030957
36 99 2837247720
36 100 2045766951
37 38 787122266
37 39 1635105777
37 40 1926530204
37 41 2974537547
37 42 2070135854
37 43 1764244917
37 44 2730308496
37 45 3953521071
37 46 3963548482
37 47 301963705
37 48 12220356
37 49 1136861267
37 50 2488510870
37 51 2850444285
37 52 3595371832
37 53 1357154103
37 54 2588457770
37 55 1405956225
37 56 4224110572
37 57 2322303579
37 58 2682797054
37 59 3203347269
37 60 1052707808
37 61 3015560639
37 62 347308050
37 63 1347788873
37 64 365309204
37 65 3026793827
37 66 2276924262
37 67 3265002381
37 68 3579438984
37 69 2156389703
37 70 1285480954
37 71 2146699537
37 72 3659083580
37 73 4116988267
37 74 134866894
37 75 980012245
37 76 1547188272
37 77 3462196687
37 78 4145971426
37 79 2254932697
37 80 3761534564
37 81 369675891
37 82 106840374
37 83 2071578397
37 84 2026413528
37 85 3080390487
37 86 196738250
37 87 2673034657
37 88 1310761612
37 89 344390779
37 90 3085289374
37 91 2668694117
37 92 508409984
37 93 3261354463
37 94 317519282
37 95 2596165993
37 96 2868532148
37 97 3574786947
37 98 2550536966
37 99 119060141
37 100 1214130216
38 39 1495199079
38 40 1151798170
38 41 1771300401
38 42 24259036
38 43 3798252427
38 44 785963886
38 45 1922952181
38 46 90475728
38 47 1391786479
38 48 1993072258
38 49 975375353
38 50 1380762884
38 51 1043893395
38 52 2813044950
38 53 2723269181
38 54 3508504184
38 55 2354354039
38 56 3685944938
38 57 614394561
38 58 1457702188
38 59 1104051867
38 60 931144510
38 61 2366206341
38 62 1059173664
38 63 2406475263
38 64 2426944338
38 65 1738449545
38 66 2476788308
38 67 2389356963
38 68 1401678502
38 69 608043469
38 70 4115773640
38 71 1287456135
38 72 4234872122
38 73 882725713
38 74 3129439356
38 75 232080811
38 76 3082329870
38 77 2827787029
38 78 4134154608
38 79 3816166927
38 80 4256107554
38 81 209329433
38 82 1571513252
38 83 47864499
38 84 1025761398
38 85 2385927517
38 86 1014611736
38 87 2048472983
38 88 3919310858
38 89 2885165025
38 90 4055185356
38 91 701108411
38 92 2157924062
38 93 4053821605
38 94 2741174720
38 95 652773919
38 96 1515016434
38 97 2285796265
38 98 543265012
38 99 3908601795
38 100 1496353350
39 40 2614353133
39 41 593271144
39 42 3899272615
39 43 3444756186
39 44 3679998065
39 45 1795231516
39 46 2436751307
39 47 512832174
39 48 2533218869
39 49 1534141968
39 50 2917679663
39 51 305138114
39 52 1085587001
39 53 486036036
39 54 2926983379
39 55 3215910934
39 56 1391427709
39 57 1811892152
39 58 1878058935
39 59 2296160682
39 60 3785811201
39 61 2386557548
39 62 1744941787
39 63 2838186622
39 64 1503522757
39 65 557424224
39 66 1490435647
39 67 809776786
39 68 837149897
39 69 3051661204
39 70 4047793635
39 71 2078013926
39 72 2476886029
39 73 1839647240
39 74 4247676359
39 75 2227595386
39 76 1007476113
39 77 210172348
39 78 170297835
39 79 2471138894
39 80 481929557
39 81 882993840
39 82 2756935247
39 83 783734626
39 84 2115694425
39 85 3202060516
39 86 2408851187
39 87 1546960822
39 88 2823107485
39 89 1691885656
39 90 2699274199
39 91 2161976138
39 92 1442003489
39 93 808127756
39 94 469591291
39 95 2064389662
39 96 1976174309
39 97 1657637632
39 98 3108045407
39 99 3337940018
39 100 4259110377
40 41 3436318260
40 42 3084280835
40 43 3262527878
40 44 3580969773
40 45 3277343400
40 46 2685513191
40 47 1680724506
40 48 419625649
40 49 750859356
40 50 2585216011
40 51 4190947822
40 52 1015548021
40 53 1445134160
40 54 2092943983
40 55 3249239298
40 56 3488919673
40 57 2247958404
40 58 4173079827
40 59 1939695446
40 60 3925833405
40 61 2150385912
40 62 2214164471
40 63 218461418
40 64 2099584833
40 65 1864265644
40 66 3913623323
40 67 1948889534
40 68 451718661
40 69 3863398304
40 70 2687555199
40 71 3334959570
40 72 3916130057
40 73 4057056468
40 74 1362520611
40 75 1743210790
40 76 3473460813
40 77 1738087240
40 78 706479623
40 79 552668090
40 80 411215825
40 81 3981950716
40 82 3868724779
40 83 3925855630
40 84 489748373
40 85 1746789360
40 86 2973050511
40 87 762700450
40 88 2777285017
40 89 3372547620
40 90 1081488179
40 91 2597379830
40 92 400968157
40 93 1797505432
40 94 3560593431
40 95 3703412362
40 96 2944701537
40 97 1992434252
40 98 4150327611
40 99 3328974174
40 100 1104012581
41 42 4258092096
41 43 699251359
41 44 3424896882
41 45 1440317481
41 46 3314273140
41 47 3589046339
41 48 3675728070
41 49 2452679021
41 50 4052827112
41 51 945122855
41 52 3833075034
41 53 3302221041
41 54 66230684
41 55 422635595
41 56 2949357870
41 57 159151797
41 58 3870955664
41 59 2142999215
41 60 3363708994
41 61 3525501625
41 62 4070255812
41 63 3242873171
41 64 2595694230
41 65 3586239741
41 66 652642872
41 67 2427340855
41 68 325945386
41 69 693737857
41 70 113124588
41 71 4057520987
41 72 1471895806
41 73 120958021
41 74 3481874656
41 75 901754559
41 76 1735519506
41 77 141502793
41 78 4238877204
41 79 1652598371
41 80 3203258470
41 81 3568407693
41 82 1281928328
41 83 2881873479
41 84 1277882106
41 85 2352919057
41 86 3124347964
41 87 3748254315
41 88 1259881678
41 89 1882359253
41 90 572497200
41 91 3931836111
41 92 3710660066
41 93 2366067673
41 94 2171054948
41 95 3653271411
41 96 1882734134
41 97 1801035805
41 98 144483032
41 99 4233971799
41 100 1216170442
42 43 183250593
42 44 1924822924
42 45 137678203
42 46 3254740126
42 47 2884371301
42 48 1436704128
42 49 1752085215
42 50 488235698
42 51 712270441
42 52 1607387316
42 53 393927811
42 54 3931330566
42 55 4031958957
42 56 3074911528
42 57 2843045479
42 58 1769052314
42 59 3238727473
42 60 3990175452
42 61 1791675531
42 62 1875753070
42 63 3826984181
42 64 1047949776
42 65 3072039663
42 66 2850556802
42 67 1904170233
42 68 135428612
42 69 3965762963
42 70 1279010262
42 71 3296076605
42 72 3110996856
42 73 2656000119
42 74 2270485354
42 75 1485067201
42 76 2724141612
42 77 3992768411
42 78 1394622526
42 79 2495146629
42 80 1581308448
42 81 700630783
42 82 1703127122
42 83 1227959177
42 84 3416768340
42 85 425927331
42 86 1747953574
42 87 3806108365
42 88 3310714312
42 89 2590770823
42 90 3249803834
42 91 2575367249
42 92 275581308
42 93 1893455531
42 94 2245262350
42 95 469652501
42 96 870749808
42 97 1879389967
42 98 1629075746
42 99 2127750681
42 100 759404708
43 44 1605569459
43 45 2477448566
43 46 1893676637
43 47 914539544
43 48 1099724951
43 49 1331445002
43 50 4201253089
43 51 290720972
43 52 3669549499
43 53 218491870
43 54 1248092581
43 55 2341250752
43 56 2781080351
43 57 2903981554
43 58 1441629353
43 59 819660276
43 60 2428598467
43 61 2003486534
43 62 1310127597
43 63 1572527720
43 64 733064871
43 65 1314544602
43 66 803764593
43 67 665396252
43 68 723841227
43 69 2836598702
43 70 4070839093
43 71 3466070800
43 72 1663034159
43 73 690566850
43 74 407504697
43 75 2879588164
43 76 2654955987
43 77 3748422934
43 78 2757548413
43 79 3506621624
43 80 4112296119
43 81 2482728618
43 82 3169144321
43 83 3477163884
43 84 2314273755
43 85 2778228606
43 86 2041997509
43 87 1403896672
43 88 3430555455
43 89 1413260178
43 90 2784062921
43 91 2484116628
43 92 2854084323
43 93 2330769126
43 94 2009719053
43 95 3147796232
43 96 1313760967
43 97 2093774202
43 98 2190050961
43 99 3442577084
43 100 1462639339
44 45 2842882894
44 46 1725194837
44 47 2930954160
44 48 2725486415
44 49 478053474
44 50 86816857
44 51 1373160932
44 52 378394611
44 53 4234722486
44 54 917965981
44 55 773203288
44 56 201844951
44 57 3164237898
44 58 1346249505
44 59 2144264716
44 60 992818683
44 61 2260710174
44 62 4084662245
44 63 13381632
44 64 1374511967
44 65 2942032178
44 66 4068796137
44 67 233866036
44 68 2516604163
44 69 1235056262
44 70 1237146669
44 71 1848348584
44 72 927608551
44 73 779247386
44 74 1940661169
44 75 783173980
44 76 914314507
44 77 182167278
44 78 2606186869
44 79 1214178384
44 80 67660655
44 81 1233232386
44 82 1891826041
44 83 42783876
44 84 992368147
44 85 3951551574
44 86 2746601405
44 87 1189400056
44 88 492189943
44 89 2762031594
44 90 1220315201
44 91 1520747692
44 92 2985654299
44 93 3462647486
44 94 2892900101
44 95 2970610848
44 96 2921707391
44 97 115138258
44 98 1492119561
44 99 3408050644
44 100 2297486115
45 46 2388985382
45 47 1371105101
45 48 1485234248
45 49 1605175047
45 50 3098810554
45 51 3382202577
45 52 231166972
45 53 2392891179
45 54 87370382
45 55 3606360213
45 56 3821291760
45 57 568739727
45 58 2996473762
45 59 3931425433
45 60 3026662180
45 61 2190533683
45 62 3786529782
45 63 186720989
45 64 1754711704
45 65 68131095
45 66 2608325514
45 67 514358625
45 68 728430412
45 69 902941243
45 70 1315748446
45 71 3177438757
45 72 1453390144
45 73 489364383
45 74 2535961714
45 75 1517979945
45 76 206520436
45 77 3145167171
45 78 1747674566
45 79 3246785133
45 80 2983821544
45 81 2222911271
45 82 3841565274
45 83 781585905
45 84 3223629468
45 85 2837051723
45 86 2221375022
45 87 2222239669
45 88 2634743184
45 89 1511338927
45 90 1311853890
45 91 1697262521
45 92 1913643460
45 93 1733657171
45 94 1204724630
45 95 817956349
45 96 877924152
45 97 3745253687
45 98 1686525226
45 99 776602241
45 100 1372158444
46 47 2454334555
46 48 2361554430
46 49 1663051077
46 50 3081197024
46 51 2667941823
46 52 2426690066
46 53 3698111049
46 54 639506196
46 55 1780225891
46 56 433624422
46 57 1860906381
46 58 88830344
46 59 2798118727
46 60 4037737466
46 61 820861713
46 62 795760956
46 63 1400071019
46 64 677028302
46 65 849297109
46 66 1683685936
46 67 3466407887
46 68 112057058
46 69 948640985
46 70 1513021540
46 71 1744580723
46 72 3133553462
46 73 2086500637
46 74 2672076760
46 75 300124503
46 76 926193354
46 77 3085506465
46 78 3244838028
46 79 384212603
46 80 3276603806
46 81 4268424293
46 82 1850409600
46 83 4156363743
46 84 398118834
46 85 672033641
46 86 2167881140
46 87 3580284291
46 88 441750790
46 89 3551586477
46 90 839168552
46 91 193982311
46 92 2368742810
46 93 1122383921
46 94 3645658076
46 95 3744783755
46 96 1157010798
46 97 2486984181
46 98 4259075792
46 99 1703295983
46 100 3128440962
47 48 532651513
47 49 2674667268
47 50 118288019
47 51 192979670
47 52 4190010429
47 53 4069560440
47 54 1124997495
47 55 3203049578
47 56 3754802369
47 57 32468780
47 58 2536448155
47 59 3757333822
47 60 336356229
47 61 3904110368
47 62 2941888511
47 63 1154684242
47 64 3936859273
47 65 2588062804
47 66 1105171363
47 67 344417446
47 68 228537293
47 69 1798128328
47 70 1004472199
47 71 3757121338
47 72 3133711697
47 73 3479608956
47 74 568747947
47 75 3793967374
47 76 2148797717
47 77 28769136
47 78 3369621519
47 79 1006134818
47 80 974106393
47 81 2289028516
47 82 3406806195
47 83 1055251062
47 84 1487671133
47 85 3412052248
47 86 1573108119
47 87 454068746
47 88 2923426273
47 89 788980172
47 90 1789637307
47 91 2225113310
47 92 1288460965
47 93 1762282432
47 94 300108831
47 95 609561330
47 96 897617321
47 97 32013044
47 98 4161694147
47 99 3881370694
47 100 3732803309
48 49 938287976
48 50 79507367
48 51 2186668250
48 52 3537674865
48 53 3076864284
48 54 1963983307
48 55 3150507182
48 56 4042148917
48 57 3692228624
48 58 1721467951
48 59 1368810434
48 60 180572217
48 61 1877064772
48 62 1049402067
48 63 2380128790
48 64 3975033469
48 65 450515384
48 66 2433509815
48 67 3742251946
48 68 260552449
48 69 4166427756
48 70 1826903259
48 71 121209982
48 72 1970463173
48 73 91613280
48 74 794951743
48 75 3064533138
48 76 2111895241
48 77 1557172628
48 78 1148932067
48 79 2779870182
48 80 2887088653
48 81 1936479240
48 82 1999792071
48 83 2177270394
48 84 2842308497
48 85 3404735420
48 86 3057232875
48 87 1104105550
48 88 93526869
48 89 3440915632
48 90 1893187663
48 91 3048878434
48 92 2032304473
48 93 3295279844
48 94 4027287795
48 95 1699789238
48 96 2924275101
48 97 640166488
48 98 1341139415
48 99 306953546
48 100 3555527713
49 50 2709960460
49 51 4250994427
49 52 1906790430
49 53 2127034597
49 54 2820592896
49 55 3688744031
49 56 4030121522
49 57 2635132905
49 58 1671624756
49 59 2007909891
49 60 2524492678
49 61 2150462765
49 62 1288885416
49 63 3896946663
49 64 1605037082
49 65 1085885617
49 66 3618594396
49 67 1189832203
49 68 2552136686
49 69 13269621
49 70 3907963216
49 71 3717532783
49 72 382455554
49 73 3497345657
49 74 145787268
49 75 1913947923
49 76 1713791318
49 77 948971709
49 78 2255573752
49 79 1366751735
49 80 808521450
49 81 2948067649
49 82 37689772
49 83 4289317147
49 84 2178018238
49 85 2106826757
49 86 254611872
49 87 2942212223
49 88 3110489042
49 89 3495459081
49 90 3808931540
49 91 3861859363
49 92 882295590
49 93 143523917
49 94 1195943240
49 95 4043442183
49 96 292234682
49 97 2131884497
49 98 1061873916
49 99 212676651
49 100 2526971790
50 51 1230793109
50 52 398372336
50 53 1725655183
50 54 389233826
50 55 3221459865
50 56 3546114084
50 57 1529845043
50 58 1699141878
50 59 3414162397
50 60 685624216
50 61 2426984983
50 62 673591434
50 63 993027681
50 64 2250755148
50 65 3678837563
50 66 2845923166
50 67 2862470949
50 68 3435699776
50 69 99384479
50 70 4003438962
50 71 3103756841
50 72 3148264820
50 73 3901121091
50 74 787718854
50 75 2533301101
50 76 972408296
50 77 1852600359
50 78 7286618
50 79 784086769
50 80 4150969244
50 81 1896286795
50 82 3375848238
50 83 1779493045
50 84 363848336
50 85 2326975663
50 86 1297644098
50 87 1528132793
50 88 3474495172
50 89 1172616019
50 90 1805262998
50 91 1256480509
50 92 1318425656
50 93 1284360759
50 94 1569923626
50 95 4070468481
50 96 753454828
50 97 2076147035
50 98 251499262
50 99 1655610949
50 100 1192852192
51 52 4287590591
51 53 1615513362
51 54 1548630857
51 55 3794275348
51 56 3678111843
51 57 1752650342
51 58 558417549
51 59 1342322312
51 60 2173560903
51 61 169806074
51 62 4261413905
51 63 2310467132
51 64 1635841131
51 65 1875967694
51 66 296744917
51 67 1927964464
51 68 2334347471
51 69 1134790626
51 70 418571737
51 71 3129611620
51 72 3501973875
51 73 3053991990
51 74 1048924701
51 75 2361437400
51 76 137218647
51 77 2816467914
51 78 910819489
51 79 2318016908
51 80 1352429435
51 81 2345574046
51 82 646837605
51 83 3091703680
51 84 2152690911
51 85 3536829618
51 86 596407401
51 87 1597223604
51 88 517389955
51 89 4161393158
51 90 1093861805
51 91 144045864
51 92 2406379623
51 93 2145563290
51 94 2133156145
51 95 332884188
51 96 1336077963
51 97 2119397998
51 98 318871285
51 99 2476096464
51 100 1848958191
52 53 2021418370
52 54 3571705593
52 55 1750721540
52 56 2654805907
52 57 3044614102
52 58 3526022461
52 59 3431404920
52 60 2324748919
52 61 1383363946
52 62 1249584577
52 63 3314795564
52 64 1298493851
52 65 2919004734
52 66 2600721541
52 67 779822112
52 68 808749311
52 69 4271276626
52 70 3691134345
52 71 1332848980
52 72 400557219
52 73 680731046
52 74 881183949
52 75 920192968
52 76 1091963015
52 77 656550970
52 78 678710865
52 79 1198797692
52 80 821360811
52 81 2628171278
52 82 1691207189
52 83 2950389872
52 84 4260329743
52 85 1581978402
52 86 3459282969
52 87 3207594660
52 88 1425042867
52 89 248829814
52 90 3583830109
52 91 1259392536
52 92 3737057943
52 93 481875722
52 94 1467603681
52 95 2597172940
52 96 3919741883
52 97 3077514718
52 98 2295878565
52 99 2346447040
52 100 2068229407
53 54 2416383986
53 55 3069679273
53 56 3817467892
53 57 786389699
53 58 2029732166
53 59 3708364781
53 60 32729192
53 61 2207035559
53 62 960853466
53 63 1412746097
53 64 1781878300
53 65 2130645707
53 66 649251246
53 67 568100149
53 68 3554792720
53 69 3361416495
53 70 1534562498
53 71 2820708665
53 72 3115610436
53 73 2673724371
53 74 2600689430
53 75 3164834685
53 76 2575685304
53 77 1405102775
53 78 974457002
53 79 1770921985
53 80 1501559148
53 81 551265755
53 82 2651758974
53 83 3704838853
53 84 2257718624
53 85 2441994559
53 86 663322002
53 87 1236565961
53 88 1613006484
53 89 3495739619
53 90 2620010726
53 91 3229946637
53 92 3842840840
53 93 2279237831
53 94 1672777594
53 95 1085200529
53 96 1438824636
53 97 927546603
53 98 744467790
53 99 2297812053
53 100 3755055536
54 55 528474447
54 56 3395935842
54 57 1778141785
54 58 1720659940
54 59 739064307
54 60 1726789302
54 61 2668019357
54 62 2634952536
54 63 2090625751
54 64 1374751306
54 65 1895822625
54 66 3847392268
54 67 1922619387
54 68 197324062
54 69 2814177765
54 70 2831514112
54 71 1729242463
54 72 1501934386
54 73 2374039785
54 74 501837108
54 75 1826633475
54 76 2030563462
54 77 146902573
54 78 2941131176
54 79 3272028391
54 80 3352787226
54 81 271218097
54 82 2009363292
54 83 3680204555
54 84 1905615086
54 85 4242649973
54 86 2278731344
54 87 426093935
54 88 4186569730
54 89 2131463033
54 90 3899145860
54 91 2911287315
54 92 3011042902
54 93 948863421
54 94 2396116984
54 95 811318007
54 96 2142559210
54 97 1108826689
54 98 3052236460
54 99 3798080027
54 100 1584662718
55 56 509417733
55 57 1352545952
55 58 3017505151
55 59 2925770962
55 60 3752133129
55 61 2306909140
55 62 2029108515
55 63 712802342
55 64 2206636365
55 65 2212391496
55 66 3994749191
55 67 4212535994
55 68 3371147985
55 69 3521281532
55 70 1891483947
55 71 1849418894
55 72 73933461
55 73 1410142960
55 74 2417265039
55 75 725608866
55 76 3063307417
55 77 1978113316
55 78 3662825011
55 79 4119844342
55 80 3909276893
55 81 4227387544
55 82 2315655959
55 83 1388871050
55 84 2501660513
55 85 3606618444
55 86 4156517435
55 87 2819224670
55 88 2575028261
55 89 2957263680
55 90 4092714399
55 91 2727054962
55 92 23632681
55 93 596781684
55 94 1830376259
55 95 4285521862
55 96 2728146029
55 97 3655731944
55 98 102625575
55 99 114867290
55 100 1430675441
56 57 4190427292
56 58 2163743563
56 59 1312503854
56 60 1246831029
56 61 2695415696
56 62 563377583
56 63 2515773250
56 64 1139064249
56 65 1505053636
56 66 1828185171
56 67 3592002966
56 68 3022764029
56 69 3316324664
56 70 3903032119
56 71 3465801514
56 72 106353793
56 73 3894158316
56 74 3191393883
56 75 2926358526
56 76 2514556741
56 77 3453984736
56 78 1734169023
56 79 2791650322
56 80 403948617
56 81 2160460052
56 82 3319724387
56 83 2060062566
56 84 2076860301
56 85 2089614216
56 86 1276635463
56 87 1753683450
56 88 2205592849
56 89 420709180
56 90 429032811
56 91 4051393486
56 92 2640621781
56 93 2647510064
56 94 804090319
56 95 1678587106
56 96 3191779033
56 97 4068035172
56 98 603951731
56 99 838743350
56 100 1104227101
57 58 554742232
57 59 4013689687
57 60 1786720458
57 61 370076065
57 62 486536844
57 63 3310764155
57 64 3951311774
57 65 3025464933
57 66 2207796352
57 67 304469471
57 68 509127090
57 69 2901310825
57 70 1237591988
57 71 63614851
57 72 1400049414
57 73 3369671341
57 74 2331720744
57 75 1158738279
57 76 294207386
57 77 97028657
57 78 3983965660
57 79 3423928203
57 80 3957608302
57 81 4033531893
57 82 1336156368
57 83 3777461743
57 84 3019149954
57 85 552349689
57 86 3000736004
57 87 3253817491
57 88 438672598
57 89 3720031805
57 90 2538707576
57 91 2228722551
57 92 301089386
57 93 680300225
57 94 1028397356
57 95 547340955
57 96 2369296190
57 97 3114227077
57 98 2140555552
57 99 3159583231
57 100 1657663314
58 59 2906703497
58 60 993304148
58 61 2875487651
58 62 1951588006
58 63 3885000141
58 64 2019085512
58 65 3121678727
58 66 1732720954
58 67 1921251153
58 68 3365259388
58 69 2919729579
58 70 2237534990
58 71 1512800021
58 72 2387854704
58 73 524982799
58 74 2551300130
58 75 3409264921
58 76 562313124
58 77 223682227
58 78 3547845750
58 79 2008138077
58 80 93704984
58 81 3565042583
58 82 609559562
58 83 2249704417
58 84 2762509260
58 85 1738364091
58 86 1970389726
58 87 2391297189
58 88 1140954560
58 89 4058910239
58 90 3224175858
58 91 1783799721
58 92 633300212
58 93 1161055171
58 94 4233199174
58 95 3652731117
58 96 198028648
58 97 3089117607
58 98 1126761178
58 99 1139864689
58 100 2417582876
59 60 1492263883
59 61 3117459118
59 62 359579189
59 63 100973072
59 64 2556347951
59 65 382516674
59 66 2153898553
59 67 3642435140
59 68 3501391059
59 69 3604798486
59 70 2742871165
59 71 2634374072
59 72 1295510455
59 73 1963972010
59 74 1526237441
59 75 1119702636
59 76 3050763995
59 77 974634622
59 78 1071109061
59 79 654455392
59 80 50184767
59 81 1994254994
59 82 2573994185
59 83 3993795476
59 84 1573007843
59 85 1045884390
59 86 1159244813
59 87 1619123720
59 88 2420533703
59 89 4069956730
59 90 3629613457
59 91 3181989308
59 92 3931950571
59 93 958663246
59 94 2164034901
59 95 920583856
59 96 3194749519
59 97 713919330
59 98 1740247897
59 99 2286445796
59 100 3667061491
60 61 3510416310
60 62 2565117853
60 63 3804771416
60 64 2718739415
60 65 1267357514
60 66 3078020641
60 67 2603770124
60 68 2866063611
60 69 621971998
60 70 4267043557
60 71 1388322560
60 72 59410015
60 73 3142098994
60 74 1406468585
60 75 2361647668
60 76 2241210371
60 77 3242929542
60 78 1937352493
60 79 3852295848
60 80 3616256487
60 81 922224154
60 82 1912577713
60 83 1592625244
60 84 63932427
60 85 1732263406
60 86 530377845
60 87 1963627344
60 88 3346681455
60 89 3250333954
60 90 210097273
60 91 4055102340
60 92 4252821779
60 93 2743032662
60 94 867228349
60 95 2953207032
60 96 3389291511
60 97 1663871210
60 98 2413478721
60 99 3316630444
60 100 1780378395
61 62 877274558
61 63 516592133
61 64 3311623072
61 65 3416021631
61 66 3050644946
61 67 383093513
61 68 244160724
61 69 1362636323
61 70 1075199270
61 71 1386426957
61 72 1581789000
61 73 1727531527
61 74 1169506234
61 75 925977553
61 76 361632508
61 77 3402781227
61 78 1544372622
61 79 2551700373
61 80 3903813616
61 81 2912004751
61 82 3200292514
61 83 1577919897
61 84 3959804452
61 85 267974451
61 86 1653396214
61 87 4087983581
61 88 837277080
61 89 2579479
61 90 3948857994
61 91 3161208929
61 92 1843230284
61 93 2604416315
61 94 430346590
61 95 436062501
61 96 1360259136
61 97 4147855007
61 98 2196470642
61 99 3283461161
61 100 2484182900
62 63 1496335427
62 64 2845842630
62 65 1952271725
62 66 3786035176
62 67 1536389671
62 68 3359000922
62 69 842303729
62 70 389213596
62 71 3907857483
62 72 3815970094
62 73 3040172725
62 74 2381687952
62 75 783947439
62 76 4160934978
62 77 2945975993
62 78 1642463428
62 79 3968800083
62 80 1464670870
62 81 4237758717
62 82 3918831160
62 83 3279768631
62 84 2273885226
62 85 4185079169
62 86 3546511596
62 87 1773543259
62 88 990891262
62 89 2360840261
62 90 2616837344
62 91 3866047167
62 92 854827282
62 93 2679983433
62 94 1375204884
62 95 973498979
62 96 550554726
62 97 242219149
62 98 3672883336
62 99 375777863
62 100 3689095930
63 64 1364284945
63 65 763631676
63 66 2343048811
63 67 2103032014
63 68 1706912213
63 69 889532720
63 70 3439039183
63 71 938140130
63 72 3094247385
63 73 1375502180
63 74 1908884339
63 75 4272435766
63 76 373359645
63 77 2889135832
63 78 3608038487
63 79 1326611914
63 80 3879195297
63 81 3387542412
63 82 2232684923
63 83 2993543326
63 84 935323493
63 85 540864896
63 86 3175102175
63 87 3394606770
63 88 1412728425
63 89 2431163572
63 90 2487394435
63 91 4237315078
63 92 4204999597
63 93 154435880
63 94 1014461031
63 95 304336026
63 96 1724887857
63 97 3056177884
63 98 1686835339
63 99 1571368046
63 100 3161983221
64 65 2181432784
64 66 3462274799
64 67 1021362050
64 68 2480437497
64 69 3471920644
64 70 2183758227
64 71 159783382
64 72 2892990269
64 73 2733645688
64 74 1105353847
64 75 3445886826
64 76 167901121
64 77 3105386028
64 78 551424923
64 79 1302901822
64 80 4292791941
64 81 738553376
64 82 1672891135
64 83 1098472530
64 84 3999485833
64 85 2911605588
64 86 208463523
64 87 3351681958
64 88 3065970381
64 89 2142015944
64 90 3067087495
64 91 1885357626
64 92 687317073
64 93 2731236732
64 94 2837322411
64 95 1816752142
64 96 4029495317
64 97 3978308208
64 98 1021950735
64 99 3108793634
64 100 3239971353
65 66 4285295780
65 67 71159731
65 68 1557057910
65 69 3471481437
65 70 1257166872
65 71 1325497495
65 72 31813898
65 73 3390680289
65 74 2627166412
65 75 4103873979
65 76 2393399262
65 77 3990635941
65 78 3782949568
65 79 2245619487
65 80 2227630578
65 81 3750865065
65 82 411621876
65 83 1259158723
65 84 1096530758
65 85 1686854125
65 86 2776363624
65 87 2994188967
65 88 1879085018
65 89 839982449
65 90 2031187996
65 91 317273291
65 92 1159889838
65 93 1537537845
65 94 3262881552
65 95 3869665071
65 96 1402333890
65 97 596060985
65 98 504748868
65 99 3800837587
65 100 292182294
66 67 830094717
66 68 1968758968
66 69 2373168311
66 70 1610523306
66 71 1942417921
66 72 68068204
66 73 1003898843
66 74 2874465150
66 75 780160197
66 76 918968160
66 77 2477892415
66 78 1957058450
66 79 4245131721
66 80 1451782292
66 81 4239106787
66 82 1547152102
66 83 3385869581
66 84 902472456
66 85 2692115143
66 86 4268534138
66 87 6564497
66 88 1386472124
66 89 3748945643
66 90 941385550
66 91 2108114517
66 92 574645168
66 93 1570513743
66 94 2787457122
66 95 39574617
66 96 2039847396
66 97 194812915
66 98 1950396598
66 99 736522397
66 100 1196833112
67 68 3493915863
67 69 3474433098
67 70 928106273
67 71 321271308
67 72 3054795259
67 73 2375427870
67 74 311616485
67 75 4128162816
67 76 3242649439
67 77 3850341682
67 78 2148338409
67 79 3299124
67 80 3520076035
67 81 1061317254
67 82 1347797037
67 83 1069589416
67 84 903099111
67 85 2097976090
67 86 4130916273
67 87 3710557532
67 88 3494353163
67 89 1226775278
67 90 4177274229
67 91 9861200
67 92 4157796207
67 93 1063409154
67 94 149167481
67 95 1955833988
67 96 1912019475
67 97 104454230
67 98 3119985597
67 99 974053880
67 100 779173111
68 69 2862118378
68 70 688008257
68 71 2173049004
68 72 2799615003
68 73 3545514686
68 74 249301765
68 75 3179053216
68 76 111229823
68 77 2679804626
68 78 99226633
68 79 3257830868
68 80 2130878243
68 81 1164180006
68 82 98814797
68 83 646313032
68 84 1805191943
68 85 3242740922
68 86 1507259601
68 87 1515038716
68 88 720036651
68 89 806526606
68 90 2490078357
68 91 631626992
68 92 3478309775
68 93 2713011106
68 94 1181216409
68 95 2243430180
68 96 203663411
68 97 2084425718
68 98 2071234269
68 99 447404696
68 100 51158295
69 70 3253278602
69 71 1092624737
69 72 2597735244
69 73 3585936955
69 74 3463917150
69 75 3156460069
69 76 4281830720
69 77 533241759
69 78 1606379634
69 79 2414259497
69 80 1562711156
69 81 3167434051
69 82 4253309382
69 83 2621597293
69 84 2705495272
69 85 2127360807
69 86 344446554
69 87 1434890737
69 88 2679440028
69 89 3102096715
69 90 1491005998
69 91 985502645
69 92 764842384
69 93 3257120687
69 94 1132855618
69 95 774852537
69 96 933934532
69 97 3567928915
69 98 3207894934
69 99 3022416381
69 100 173155128
70 71 3977973047
70 72 1483835690
70 73 1542694529
70 74 1052691948
70 75 2385997915
70 76 2229725694
70 77 3610380613
70 78 23587296
70 79 2361725887
70 80 3589672466
70 81 2202719817
70 82 2780687124
70 83 1202838371
70 84 713787750
70 85 1765380493
70 86 3139339656
70 87 4034390855
70 88 875769850
70 89 4153409297
70 90 386444604
70 91 3351357291
70 92 3815511502
70 93 4206502613
70 94 2291177008
70 95 1917694927
70 96 2403110626
70 97 2541895897
70 98 689157220
70 99 3390239859
70 100 3959828278
71 72 1272241437
71 73 2116860888
71 74 3483667799
71 75 630835914
71 76 969194401
71 77 3773276300
71 78 2681594491
71 79 2961929630
71 80 1087299685
71 81 3728053888
71 82 2443089887
71 83 2798027698
71 84 2841546601
71 85 2225148340
71 86 3762196867
71 87 3277949190
71 88 1720798381
71 89 3544303144
71 90 2241983335
71 91 1370642842
71 92 842718257
71 93 3186665436
71 94 688202123
71 95 2745305454
71 96 120144373
71 97 2059135696
71 98 1171832815
71 99 3812682882
71 100 3181953529
72 73 211485444
72 74 4008030867
72 75 1402640086
72 76 3460816957
72 77 1063429240
72 78 3518045559
72 79 1422515306
72 80 2128306369
72 81 2298004268
72 82 1579181211
72 83 3209482558
72 84 4257367941
72 85 2210960160
72 86 912075775
72 87 1788397906
72 88 795465865
72 89 4134963284
72 90 1257854883
72 91 4075706534
72 92 840013773
72 93 2631161544
72 94 1196624775
72 95 309154618
72 96 3687795025
72 97 638907004
72 98 842574763
72 99 560516366
72 100 3067277589
73 74 473993072
73 75 1724701711
73 76 2449152546
73 77 1072354073
73 78 2833818020
73 79 1235910835
73 80 2061094518
73 81 1799844701
73 82 1796988184
73 83 1581825431
73 84 2238299658
73 85 3011483105
73 86 3533321676
73 87 2694772411
73 88 3541236958
73 89 919879333
73 90 3024674752
73 91 1191759903
73 92 2916409074
73 93 2796859817
73 94 199642868
73 95 1349135811
73 96 404355142
73 97 226652909
73 98 519976808
73 99 2190685095
73 100 2412518618
74 75 2929018481
74 76 1964870940
74 77 3169076683
74 78 2561171630
74 79 2222927925
74 80 1497793552
74 81 3274836015
74 82 3788707778
74 83 563115065
74 84 3634663492
74 85 3840499411
74 86 447469078
74 87 4137391741
74 88 1921017272
74 89 611544503
74 90 3403771818
74 91 1140415233
74 92 3983800428
74 93 3269040347
74 94 3250976894
74 95 952944069
74 96 98466912
74 97 1403618367
74 98 4041393298
74 99 75963081
74 100 3919078804
75 76 3172537315
75 77 3318507494
75 78 3735805453
75 79 3035064328
75 80 3362417607
75 81 1463203450
75 82 1221907345
75 83 1689417660
75 84 646967275
75 85 4182295630
75 86 251002709
75 87 4059416752
75 88 219169871
75 89 221308258
75 90 3387008345
75 91 2323042020
75 92 3475655923
75 93 536391094
75 94 3893119389
75 95 448282200
75 96 389623255
75 97 2895704394
75 98 2156965921
75 99 2637040396
75 100 2757249787
76 77 357418014
76 78 1953750245
76 79 3803277568
76 80 2957461599
76 81 2821356082
76 82 2720601065
76 83 3358903348
76 84 1636698627
76 85 3270354822
76 86 794155309
76 87 230156456
76 88 3990926311
76 89 1779769370
76 90 752218289
76 91 1115402844
76 92 1355000331
76 93 3878811630
76 94 419389045
76 95 2054577488
76 96 3127873647
76 97 1115456258
76 98 69625465
76 99 3238485380
76 100 452283155
77 78 2879935830
77 79 1533119677
77 80 2095802104
77 81 1839332855
77 82 637027050
77 83 2643301697
77 84 963669420
77 85 2829258011
77 86 194142142
77 87 2123465733
77 88 2297013664
77 89 1961499775
77 90 1007943634
77 91 1021484297
77 92 4100162260
77 93 307302435
77 94 174438182
77 95 759718989
77 96 748140872
77 97 201198599
77 98 1036999098
77 99 3235945937
77 100 4028710140
78 79 2701620267
78 80 3125541774
78 81 2304986517
78 82 1525694960
78 83 89648271
78 84 2753425570
78 85 4289116057
78 86 2466135076
78 87 3738327347
78 88 312659190
78 89 274948061
78 90 104980376
78 91 2729827863
78 92 2791793802
78 93 3006794337
78 94 2917343308
78 95 3074547515
78 96 2524695390
78 97 267238181
78 98 179253824
78 99 2107244703
78 100 151475570
79 80 4126914089
79 81 3469511028
79 82 2817140291
79 83 3407648454
79 84 2857074541
79 85 1756289512
79 86 2143974439
79 87 3150799706
79 88 1329388273
79 89 3813349276
79 90 14896715
79 91 2122239790
79 92 1793707189
79 93 3482023568
79 94 3956365487
79 95 1216163394
79 96 1336580281
79 97 721644228
79 98 894007123
79 99 3721401494
79 100 1792656125
80 81 2011408440
80 82 1971113527
80 83 290346538
80 84 3185053569
80 85 2049843948
80 86 1002226011
80 87 1542588158
80 88 89162309
80 89 1311379168
80 90 1784607935
80 91 1600944914
80 92 1388076873
80 93 3424116756
80 94 4276178019
80 95 1744455270
80 96 472328845
80 97 1831160456
80 98 3930975303
80 99 1098333434
80 100 103983121
81 82 631325244
81 83 3722393707
81 84 4088558286
81 85 3965377493
81 86 3899652912
81 87 803460303
81 88 973224930
81 89 3950643673
81 90 3351177572
81 91 1021486451
81 92 3390581814
81 93 1921824285
81 94 3875061976
81 95 3909013079
81 96 3189053386
81 97 2645927073
81 98 2985915788
81 99 630961019
81 100 3051164318
82 83 1602345317
82 84 226638720
82 85 2671835359
82 86 2209050802
82 87 1013749865
82 88 1961723572
82 89 4156457603
82 90 2011612678
82 91 2627954093
82 92 958597928
82 93 814773351
82 94 2687821466
82 95 4161406257
82 96 1422638300
82 97 696464011
82 98 2379146862
82 99 1618901749
82 100 2311442384
83 84 1469538543
83 85 1997871490
83 86 777849593
83 87 3151542276
83 88 405136275
83 89 3361936342
83 90 3544463677
83 91 3165202808
83 92 1145298551
83 93 2015603050
83 94 387500481
83 95 4243396652
83 96 3899045275
83 97 2988764734
83 98 1128906885
83 99 3604985888
83 100 1145572607
84 85 2922133074
84 86 5529993
84 87 1710587220
84 88 1997129891
84 89 3318355366
84 90 3918016717
84 91 533732296
84 92 2073693319
84 93 493772858
84 94 453702225
84 95 2725414780
84 96 1498889387
84 97 1958488590
84 98 1042065941
84 99 1807021168
84 100 2901671183
85 86 4062037794
85 87 3617299481
85 88 1845024420
85 89 3986370995
85 90 4254649206
85 91 3704114269
85 92 3055346200
85 93 307494551
85 94 2128743178
85 95 3528031969
85 96 2528185036
85 97 2074462139
85 98 313629150
85 99 4184881061
85 100 208307392
86 87 1165766943
86 88 190237682
86 89 1337703081
86 90 1339540468
86 91 1699421891
86 92 1351365958
86 93 1688046573
86 94 3360980072
86 95 947041447
86 96 1921755610
86 97 1232957297
86 98 3560808988
86 99 1726174923
86 100 2221030830
87 88 536701237
87 89 442853648
87 90 1040296239
87 91 2441364674
87 92 176012601
87 93 1489454404
87 94 3888811987
87 95 3265352470
87 96 2195779453
87 97 3833326264
87 98 574041783
87 99 2243443882
87 100 1536148481
88 89 1324174700
88 90 1524689371
88 91 1298863486
88 92 4005379781
88 93 3830096224
88 94 1390765375
88 95 3146985874
88 96 1072341961
88 97 4147927700
88 98 2936702179
88 99 1259676902
88 100 330004237
89 90 769142024
89 91 404909255
89 92 3438592890
89 93 1101626513
89 94 1138035900
89 95 3484385515
89 96 1286152526
89 97 3303585877
89 98 4127141296
89 99 3704120655
89 100 800100962
90 91 1313566297
90 92 183239652
90 93 893124083
90 94 2758060726
90 95 1565926045
90 96 2901295960
90 97 2264231639
90 98 3020832330
90 99 590584097
90 100 2303320076
91 92 2241862651
91 93 2352570654
91 94 3019429349
91 95 1755844096
91 96 3767249247
91 97 3544803122
91 98 1244208361
91 99 885735732
91 100 1154480899
92 93 474801286
92 94 2692346413
92 95 2676174248
92 96 263271655
92 97 3457264922
92 98 2782337457
92 99 3739273052
92 100 2504243979
93 94 293131502
93 95 262575989
93 96 850018896
93 97 525349231
93 98 2601168898
93 99 2387390329
93 100 655299204
94 95 142048275
94 96 1674236502
94 97 2817516989
94 98 3365661688
94 99 2543238903
94 100 2773225450
95 96 2105343553
95 97 1030668972
95 98 2137742875
95 99 2902752446
95 100 4260035845
96 97 2007681696
96 98 645332351
96 99 1524722898
96 100 1270818313
97 98 4113332180
97 99 455311651
97 100 1595634726
98 99 1490091341
98 100 3229449800
99 100 1478954247
