2 3 6807.0
3 4 -8874.0
4 5 -1055.0
5 6 4414.0
6 7 1728.0
7 8 -2237.0
8 9 -7507.0
9 10 7990.0
10 11 -5012.0
11 12 7353.0
12 13 -6736.0
13 14 -7604.0
14 15 5273.0
15 16 9331.0
16 17 -7753.0
17 18 -4370.0
18 19 267.0
19 20 903.0
20 21 7674.0
21 22 5436.0
22 23 9479.0
23 24 9432.0
24 25 4472.0
25 26 7258.0
26 27 8709.0
27 28 4358.0
28 29 -6775.0
29 30 68.0
30 31 -2849.0
31 32 -9951.0
32 33 -8643.0
33 34 -4010.0
34 35 -4667.0
35 36 -5829.0
36 37 -5222.0
37 38 -7609.0
38 39 3054.0
39 40 7935.0
40 41 173.0
41 42 9596.0
42 43 -4557.0
43 44 -4823.0
44 45 -6198.0
45 46 8450.0
46 47 5533.0
47 48 -6059.0
48 49 7411.0
49 50 9102.0
50 51 914.0
51 52 9501.0
52 53 2704.0
53 54 -140.0
54 55 1179.0
55 56 -1572.0
56 57 7095.0
57 58 3613.0
58 59 5888.0
59 60 -4184.0
60 61 1910.0
61 62 4401.0
62 63 591.0
63 64 -9504.0
64 65 3116.0
65 66 -6230.0
66 67 1867.0
67 68 3816.0
68 69 2402.0
69 70 7667.0
70 71 -3532.0
71 72 -2985.0
72 73 -3462.0
73 74 7737.0
74 75 8886.0
75 76 -102.0
76 77 -3013.0
77 78 9948.0
78 79 8032.0
79 80 -841.0
80 81 7663.0
81 82 8974.0
82 83 5234.0
83 84 -3366.0
84 85 3926.0
85 86 2583.0
86 87 3295.0
87 88 -3398.0
88 89 1058.0
89 90 2518.0
90 91 2141.0
91 92 8894.0
92 93 7151.0
93 94 -1766.0
94 95 -8183.0
95 96 1773.0
96 97 -6715.0
97 98 -9266.0
98 99 2472.0
99 100 9986.0
100 101 -4478.0
101 102 -1456.0
102 103 3812.0
103 104 4658.0
104 105 3034.0
105 106 6682.0
106 107 4633.0
107 108 7981.0
108 109 -2976.0
109 110 8849.0
110 111 -5089.0
111 112 -5617.0
112 113 9034.0
113 114 -4112.0
114 115 -9800.0
115 116 -1462.0
116 117 -3454.0
117 118 5890.0
118 119 -9012.0
119 120 7557.0
120 121 1231.0
121 122 6409.0
122 123 491.0
123 124 -5925.0
124 125 -8728.0
125 126 -6474.0
126 127 3510.0
127 128 -244.0
128 129 8413.0
129 130 8772.0
130 131 1584.0
131 132 6869.0
132 133 -7293.0
133 134 5355.0
134 135 -4059.0
135 136 -3303.0
136 137 -657.0
137 138 2192.0
138 139 2039.0
139 140 -1128.0
140 141 626.0
141 142 -887.0
142 143 -4769.0
143 144 -7750.0
144 145 5026.0
145 146 7151.0
146 147 -3960.0
147 148 5902.0
148 149 -9587.0
149 150 27.0
150 151 265.0
151 152 -5445.0
152 153 -1850.0
153 154 2907.0
154 155 5564.0
155 156 3872.0
156 157 -823.0
157 158 7660.0
158 159 8685.0
159 160 -3164.0
160 161 -7839.0
161 162 9902.0
162 163 -487.0
163 164 8353.0
164 165 -5987.0
165 166 4948.0
166 167 2192.0
167 168 2283.0
168 169 428.0
169 170 2596.0
170 171 636.0
171 172 6480.0
172 173 1141.0
173 174 -9697.0
174 175 1467.0
175 176 -8677.0
176 177 -9786.0
177 178 -9636.0
178 179 -620.0
179 180 653.0
180 181 -5463.0
181 182 6062.0
182 183 9858.0
183 184 8655.0
184 185 -1583.0
185 186 5507.0
186 187 -719.0
187 188 9275.0
188 189 -9471.0
189 190 7296.0
190 191 3768.0
191 192 -9.0
192 193 7546.0
193 194 7645.0
194 195 1272.0
195 196 2135.0
196 197 -9529.0
197 198 3904.0
198 199 -6105.0
199 200 -1925.0
200 201 -2491.0
201 202 5606.0
202 203 -8731.0
203 204 -8100.0
204 205 2830.0
205 206 -2078.0
206 207 6293.0
207 208 752.0
208 209 5289.0
209 210 -5201.0
210 211 1564.0
211 212 4944.0
212 213 -2368.0
213 214 6432.0
214 215 -1421.0
215 216 -7142.0
216 217 6331.0
217 218 3374.0
218 219 -2164.0
219 220 7518.0
220 221 -6876.0
221 222 8576.0
222 223 -7797.0
223 224 -4499.0
224 225 -1751.0
225 226 5777.0
226 227 -3832.0
227 228 -5058.0
228 229 8187.0
229 230 6101.0
230 231 9131.0
231 232 7884.0
232 233 5904.0
233 234 -5000.0
234 235 -8309.0
235 236 -5961.0
236 237 -4598.0
237 238 3563.0
238 239 -1734.0
239 240 -9874.0
240 241 6294.0
241 242 -2489.0
242 243 -8966.0
243 244 6243.0
244 245 -3343.0
245 246 -9103.0
246 247 1757.0
247 248 792.0
248 249 9403.0
249 250 -3384.0
250 251 5555.0
251 252 6155.0
252 253 7781.0
253 254 -2456.0
254 255 7775.0
255 256 -8096.0
256 257 4382.0
257 258 -1.0
258 259 1925.0
259 260 -7340.0
260 261 4493.0
261 262 -1791.0
262 263 9304.0
263 264 -2202.0
264 265 1858.0
265 266 -8596.0
266 267 -4101.0
267 268 -2373.0
268 269 -8907.0
269 270 -4668.0
270 271 -1966.0
271 272 -202.0
272 273 -4915.0
273 274 5789.0
274 275 -7658.0
275 276 -4649.0
276 277 -2753.0
277 278 101.0
278 279 -6763.0
279 280 3542.0
280 281 -9809.0
281 282 4856.0
282 283 -8850.0
283 284 -9803.0
284 285 7959.0
285 286 7229.0
286 287 6301.0
287 288 -9632.0
288 289 -9903.0
289 290 -5683.0
290 291 4849.0
291 292 -1292.0
292 293 -730.0
293 294 -1806.0
294 295 2480.0
295 296 7872.0
296 297 -4634.0
297 298 3695.0
298 299 7216.0
299 300 7174.0
300 301 -424.0
301 302 -157.0
302 303 5299.0
303 304 -3618.0
304 305 2745.0
305 306 2356.0
306 307 9341.0
307 308 6215.0
308 309 997.0
309 310 6059.0
310 311 -2124.0
311 312 -8711.0
312 313 -3721.0
313 314 -5356.0
314 315 6085.0
315 316 3445.0
316 317 7783.0
317 318 -7213.0
318 319 1999.0
319 320 -5649.0
320 321 5770.0
321 322 -1747.0
322 323 -2500.0
323 324 5951.0
324 325 -6212.0
325 326 -3338.0
326 327 -810.0
327 328 2013.0
328 329 3270.0
329 330 3052.0
330 331 -9595.0
331 332 2329.0
332 333 2798.0
333 334 5123.0
334 335 6680.0
335 336 -675.0
336 337 -1738.0
337 338 9560.0
338 339 -2733.0
339 340 -9443.0
340 341 5217.0
341 342 -3316.0
342 343 3352.0
343 344 5124.0
344 345 4775.0
345 346 6317.0
346 347 9720.0
347 348 9802.0
348 349 536.0
349 350 -6018.0
350 351 510.0
351 352 -4579.0
352 353 -4412.0
353 354 9106.0
354 355 -3551.0
355 356 6334.0
356 357 2435.0
357 358 2271.0
358 359 3410.0
359 360 -4330.0
360 361 5567.0
361 362 -5118.0
362 363 -2471.0
363 364 -5503.0
364 365 1476.0
365 366 7608.0
366 367 -9219.0
367 368 -5581.0
368 369 9122.0
369 370 -8888.0
370 371 -1096.0
371 372 2687.0
372 373 -43.0
373 374 170.0
374 375 -5983.0
375 376 -7986.0
376 377 -1601.0
377 378 -2445.0
378 379 -592.0
379 380 -2951.0
380 381 7291.0
381 382 -5578.0
382 383 4514.0
383 384 -5091.0
384 385 6887.0
385 386 -3021.0
386 387 -4429.0
387 388 4775.0
388 389 5259.0
389 390 1623.0
390 391 6391.0
391 392 -2466.0
392 393 8465.0
393 394 -8912.0
394 395 145.0
395 396 7996.0
396 397 8163.0
397 398 -1734.0
398 399 1603.0
399 400 -8532.0
400 401 9988.0
401 402 9402.0
402 403 2130.0
403 404 -2763.0
404 405 5488.0
405 406 6613.0
406 407 -1525.0
407 408 -4215.0
408 409 3378.0
409 410 39.0
410 411 8375.0
411 412 -579.0
412 413 2647.0
413 414 1827.0
414 415 7295.0
415 416 -2987.0
416 417 4052.0
417 418 -5636.0
418 419 9647.0
419 420 -1587.0
420 421 3067.0
421 422 8234.0
422 423 -7189.0
423 424 -4343.0
424 425 8612.0
425 426 941.0
426 427 -8875.0
427 428 5422.0
428 429 -4103.0
429 430 -760.0
430 431 5251.0
431 432 -7532.0
432 433 6416.0
433 434 7244.0
434 435 -8966.0
435 436 -880.0
436 437 -7818.0
437 438 9097.0
438 439 -2279.0
439 440 7262.0
440 441 -7217.0
441 442 -3548.0
442 443 -9851.0
443 444 -7558.0
444 445 -8151.0
445 446 -3461.0
446 447 -9813.0
447 448 -1603.0
448 449 -9184.0
449 450 8981.0
450 451 3537.0
451 452 8574.0
452 453 452.0
453 454 -4855.0
454 455 -6950.0
455 456 8161.0
456 457 2231.0
457 458 9580.0
458 459 -3644.0
459 460 -9068.0
460 461 -5603.0
461 462 -1208.0
462 463 -9989.0
463 464 9734.0
464 465 8650.0
465 466 1534.0
466 467 8194.0
467 468 4613.0
468 469 1867.0
469 470 -3667.0
470 471 -8102.0
471 472 -875.0
472 473 -5564.0
473 474 -9211.0
474 475 4696.0
475 476 -7052.0
476 477 -37.0
477 478 -399.0
478 479 2587.0
479 480 7567.0
480 481 1924.0
481 482 129.0
482 483 5965.0
483 484 -9453.0
484 485 8124.0
485 486 -1698.0
486 487 -813.0
487 488 1576.0
488 489 4881.0
489 490 7498.0
490 491 -9312.0
491 492 7282.0
492 493 2219.0
493 494 -4854.0
494 495 -421.0
495 496 2927.0
496 497 327.0
497 498 4963.0
498 499 -5404.0
499 500 -6861.0
500 501 8293.0
2 133 -151.0
2 172 8358.0
2 245 6723.0
2 311 9791.0
2 317 569.0
2 325 -1612.0
2 398 -5942.0
2 415 3655.0
3 26 6267.0
3 40 907.0
3 105 -8744.0
3 158 1036.0
3 174 -7751.0
3 310 -7230.0
4 92 -8754.0
4 111 504.0
4 137 -4218.0
4 145 -9056.0
4 232 -494.0
4 304 5310.0
4 354 9242.0
4 483 -1048.0
5 44 566.0
5 78 -3033.0
5 83 -6069.0
5 94 -2804.0
5 248 2557.0
5 267 1686.0
5 285 8282.0
5 365 -8897.0
5 389 5176.0
5 424 6365.0
6 123 722.0
6 154 8816.0
7 16 -1593.0
7 74 7693.0
7 298 -3253.0
7 344 154.0
8 104 8257.0
8 315 -1756.0
8 417 -5246.0
8 452 7495.0
9 125 -5969.0
9 163 7179.0
9 195 -507.0
9 295 -4333.0
9 319 -4261.0
9 360 2771.0
9 433 2206.0
10 18 -3864.0
10 251 -1984.0
10 308 -4003.0
10 496 5260.0
11 115 223.0
11 169 4271.0
11 331 7863.0
11 391 -8598.0
12 44 4323.0
12 70 171.0
12 177 -9470.0
12 470 6195.0
13 21 -686.0
13 278 6273.0
14 25 -9600.0
14 62 5960.0
14 153 4272.0
14 165 -1175.0
14 487 7432.0
15 65 -1515.0
15 210 9744.0
15 220 -9493.0
15 277 7321.0
15 360 9452.0
15 397 909.0
15 493 5070.0
16 88 -1165.0
16 212 -290.0
16 221 -8415.0
16 243 -1132.0
16 288 3395.0
16 303 9956.0
16 366 -9352.0
16 497 783.0
17 50 2410.0
17 94 4136.0
17 111 221.0
17 249 6820.0
17 276 -7206.0
17 370 -1699.0
18 36 -2706.0
18 70 -1754.0
18 93 4535.0
18 186 5372.0
18 213 7481.0
18 249 5899.0
18 273 5930.0
18 318 2595.0
18 377 5972.0
18 428 7949.0
18 433 -2484.0
19 242 3362.0
19 280 2815.0
19 434 -9810.0
19 452 6558.0
20 241 -4667.0
20 329 -8231.0
20 336 -7787.0
20 368 -5912.0
20 475 -590.0
21 116 -7690.0
21 130 356.0
21 208 -9098.0
21 238 -3298.0
21 279 7668.0
21 308 1045.0
21 337 -1814.0
21 386 904.0
22 168 3714.0
22 176 1947.0
22 186 6092.0
22 286 6656.0
22 353 1462.0
23 47 8371.0
23 64 -7119.0
23 86 -9225.0
23 102 -9660.0
23 157 -9282.0
23 209 -7025.0
23 238 -508.0
23 417 -4591.0
23 480 -2180.0
24 118 7541.0
24 199 3114.0
25 43 5136.0
25 90 401.0
25 269 5400.0
25 298 3760.0
25 349 48.0
26 279 6246.0
26 282 -2140.0
26 289 -3078.0
26 316 1949.0
26 329 4495.0
27 81 3206.0
27 95 6394.0
27 227 -6114.0
27 261 -6981.0
27 323 -560.0
27 367 -7642.0
27 433 4115.0
27 437 2275.0
28 31 2964.0
28 100 6073.0
28 190 3311.0
28 373 69.0
29 94 1885.0
29 193 -2679.0
29 261 5134.0
29 285 8488.0
29 459 -9550.0
29 497 843.0
30 62 -9929.0
30 67 7663.0
30 84 1029.0
30 143 -5099.0
31 289 8221.0
31 325 -9689.0
31 374 -5022.0
31 491 -5396.0
32 71 5151.0
32 108 -9611.0
32 157 -9373.0
32 222 7268.0
32 233 2075.0
32 268 -1337.0
32 273 1807.0
32 415 -2222.0
32 444 -1030.0
32 476 5263.0
33 214 4162.0
33 334 -5050.0
33 377 -5448.0
33 434 -4768.0
33 444 -4981.0
33 463 2102.0
34 103 3685.0
34 148 -865.0
34 302 -7033.0
34 393 2279.0
34 414 7099.0
35 170 -9727.0
35 212 8366.0
35 269 9651.0
35 358 1218.0
35 376 3935.0
35 418 6302.0
35 440 2083.0
35 457 -5727.0
36 226 -9215.0
36 316 6631.0
36 363 8945.0
36 494 3571.0
37 63 -1242.0
37 179 6305.0
37 293 -6348.0
37 302 2079.0
37 498 -5712.0
38 304 -562.0
38 477 4790.0
39 127 -761.0
39 180 2305.0
39 236 -1218.0
39 247 3710.0
39 268 8612.0
39 366 6473.0
39 374 -6005.0
39 377 247.0
39 389 -7439.0
39 396 7492.0
39 457 -4670.0
39 472 3819.0
40 123 -6276.0
40 171 5316.0
40 194 -3940.0
40 300 -1837.0
41 46 -1173.0
41 82 -5474.0
41 144 1350.0
41 162 2640.0
41 323 -5174.0
41 337 -7189.0
41 388 3360.0
42 67 -4827.0
42 101 9346.0
42 184 -9848.0
42 187 8129.0
42 221 -1776.0
42 282 5319.0
42 287 1270.0
42 337 6677.0
42 377 608.0
43 64 3020.0
43 132 4949.0
43 269 712.0
44 124 6522.0
44 155 -9305.0
44 169 4635.0
44 248 8258.0
44 259 5745.0
44 320 -1878.0
44 407 -1432.0
44 416 7553.0
44 429 9924.0
44 432 1393.0
44 483 8283.0
45 67 6927.0
45 198 -7215.0
45 232 4764.0
45 250 7757.0
45 298 339.0
45 318 4376.0
45 423 -1459.0
45 457 6604.0
46 69 -2951.0
46 203 -8727.0
46 220 1607.0
46 292 -3145.0
46 305 -9980.0
46 354 -6425.0
46 386 8454.0
46 404 9929.0
46 437 5789.0
46 496 9024.0
46 497 -5065.0
47 172 -3812.0
47 215 -8927.0
47 260 -6561.0
47 306 -4498.0
47 343 -2272.0
47 352 8878.0
47 373 5199.0
47 383 3499.0
47 453 3501.0
48 59 -3931.0
48 72 9490.0
48 89 9400.0
48 104 -1551.0
48 419 -4973.0
49 160 -3810.0
49 310 -2321.0
49 373 823.0
49 381 -8760.0
49 397 6428.0
50 96 -3905.0
50 126 993.0
50 197 2779.0
50 252 -2191.0
50 256 -2211.0
50 280 -2141.0
50 460 2431.0
50 485 -6785.0
51 66 4266.0
51 178 2525.0
51 195 9155.0
51 229 -4294.0
51 298 -1225.0
52 178 1630.0
52 224 6854.0
52 317 -1958.0
52 328 -9020.0
53 129 -6427.0
53 164 -9821.0
53 186 -8731.0
53 239 -8566.0
53 323 8467.0
53 444 8943.0
53 456 6943.0
54 71 -5040.0
54 415 -507.0
55 209 5922.0
55 299 8138.0
55 368 -863.0
56 75 -9806.0
56 112 -3854.0
56 139 -184.0
56 189 -944.0
56 212 7740.0
57 66 9727.0
57 142 3669.0
57 215 1623.0
57 240 1609.0
57 245 7576.0
57 476 -6542.0
58 177 -130.0
58 259 -5160.0
58 366 7655.0
58 422 -4680.0
59 334 -6694.0
60 159 -9038.0
60 258 3130.0
60 268 3293.0
60 327 185.0
60 344 -4103.0
60 404 -5780.0
60 425 9400.0
60 446 3970.0
61 76 -4458.0
61 99 1851.0
61 152 5579.0
61 153 -5617.0
61 159 5691.0
61 282 -2544.0
61 338 302.0
61 428 2681.0
61 455 632.0
61 457 4219.0
61 484 -953.0
62 84 -7267.0
62 89 -8574.0
62 339 1664.0
62 373 5879.0
62 430 2849.0
63 84 6359.0
63 174 -7617.0
63 236 -6507.0
63 271 5311.0
63 287 2939.0
63 319 5306.0
63 366 8961.0
63 478 -4003.0
63 481 9555.0
64 109 9903.0
64 153 -1476.0
64 211 -3653.0
64 268 -8209.0
64 365 1907.0
64 478 7451.0
64 499 -5460.0
65 69 5150.0
65 149 -7784.0
66 87 4268.0
66 110 -7488.0
66 129 3617.0
66 201 1627.0
66 233 -9315.0
66 341 4849.0
66 367 -3340.0
66 445 6600.0
66 471 -7730.0
66 475 3282.0
66 497 5155.0
67 109 -8381.0
68 81 -1948.0
68 106 8218.0
68 123 842.0
68 229 -3447.0
68 231 -5611.0
68 318 2463.0
68 343 -9488.0
68 479 8343.0
69 132 5136.0
69 486 -4213.0
69 492 -3209.0
70 118 9912.0
70 157 9814.0
70 266 -6541.0
70 303 -4544.0
70 309 -3058.0
70 408 -3295.0
71 77 7741.0
71 399 4925.0
71 481 4684.0
72 171 -9236.0
72 267 845.0
72 338 8723.0
72 403 9580.0
72 430 1518.0
72 440 -3117.0
73 154 -9242.0
73 213 -8966.0
73 323 -4104.0
73 400 1870.0
73 469 9545.0
74 122 784.0
74 166 1423.0
74 182 -3188.0
74 381 -9971.0
74 449 5790.0
74 490 -3208.0
74 495 -2348.0
75 103 -3527.0
75 434 3831.0
76 147 -2873.0
76 160 1589.0
76 228 3195.0
76 423 -9088.0
76 425 6637.0
77 102 -2248.0
77 103 5298.0
77 217 929.0
77 227 504.0
77 236 -5966.0
77 412 -2763.0
77 468 -8172.0
78 112 8021.0
78 144 4466.0
78 234 -3445.0
78 340 -2060.0
78 353 -3500.0
78 369 -2876.0
78 405 -3515.0
79 189 4530.0
79 207 4630.0
79 293 -1847.0
79 329 1681.0
79 467 2597.0
80 86 8242.0
80 100 5505.0
80 165 2631.0
80 182 -5362.0
80 259 5017.0
80 279 3258.0
80 369 2668.0
80 419 484.0
80 493 -9964.0
81 152 -162.0
81 167 2315.0
81 314 -2736.0
81 441 6285.0
82 107 -5778.0
82 140 -1971.0
82 144 6518.0
82 374 1288.0
82 408 8131.0
82 410 9533.0
83 95 -7789.0
83 112 -3874.0
83 159 5544.0
83 323 981.0
83 365 -675.0
83 383 -25.0
83 443 2404.0
83 470 -9808.0
84 184 6801.0
84 204 -8557.0
84 234 -3328.0
84 261 -5134.0
84 286 1818.0
84 309 -7277.0
84 326 7198.0
84 341 -8417.0
84 446 -6696.0
85 96 -7979.0
85 247 2363.0
85 444 55.0
85 500 8931.0
86 125 8625.0
86 213 8077.0
86 364 -7094.0
86 483 -1971.0
87 214 -7043.0
87 220 -6473.0
87 245 3250.0
87 251 2638.0
88 123 -8824.0
88 158 8589.0
88 227 -9223.0
88 251 9825.0
88 377 -3699.0
89 101 2465.0
89 159 2060.0
89 327 9694.0
89 354 9832.0
89 454 -8693.0
89 478 -6582.0
90 196 7734.0
90 248 5263.0
90 297 -4929.0
90 321 4386.0
90 452 3579.0
91 111 -6267.0
91 166 1787.0
91 217 4668.0
91 226 -2733.0
91 317 -4576.0
91 485 5215.0
92 140 -3658.0
92 150 7220.0
92 270 -6675.0
92 374 3480.0
92 452 2897.0
92 490 -1308.0
92 500 -3787.0
93 142 -7312.0
93 144 2041.0
93 197 -4884.0
93 293 -745.0
93 333 -403.0
93 387 -1598.0
93 410 -8102.0
93 438 1630.0
93 494 2864.0
94 155 8264.0
94 313 9854.0
94 400 1519.0
94 439 -3043.0
94 478 3753.0
95 128 -2436.0
95 175 -6255.0
95 339 9500.0
95 406 4629.0
95 448 -8934.0
96 175 6189.0
96 180 -3930.0
96 248 166.0
96 260 5691.0
96 310 7280.0
96 328 914.0
96 345 -3188.0
96 430 9747.0
96 484 -3586.0
96 488 2890.0
97 205 -2433.0
97 391 6294.0
97 500 9686.0
98 148 -6620.0
98 167 -2437.0
98 196 975.0
98 236 -5079.0
98 340 1693.0
98 389 -7687.0
98 486 -9789.0
99 140 9746.0
99 144 7044.0
99 147 -5169.0
99 324 -295.0
99 367 9471.0
99 369 -7792.0
99 383 5352.0
100 120 5223.0
100 158 -9.0
100 224 -6699.0
100 240 -6488.0
100 363 4890.0
100 445 -4849.0
101 203 -7606.0
101 242 1434.0
101 245 13.0
101 292 -7435.0
101 323 -1627.0
101 366 -8596.0
101 406 281.0
102 174 -3023.0
102 409 4550.0
103 184 -8982.0
103 192 7036.0
103 387 -3881.0
103 388 -9849.0
103 399 -8299.0
103 403 3423.0
103 456 1154.0
104 110 5221.0
104 163 291.0
104 222 -9998.0
104 230 3466.0
104 273 -7824.0
104 302 -4044.0
104 315 6070.0
104 353 -8013.0
104 455 -9992.0
105 141 1441.0
105 192 -6384.0
105 224 -7868.0
105 230 809.0
105 267 -5909.0
105 279 2508.0
105 371 3153.0
105 376 2320.0
105 403 -1853.0
105 446 -896.0
106 282 -3347.0
106 325 2296.0
106 392 5124.0
106 442 7684.0
106 479 -4873.0
106 487 3139.0
107 206 8503.0
107 234 9630.0
107 287 4375.0
107 379 -5125.0
107 460 -7473.0
108 173 644.0
108 254 -2706.0
109 178 3287.0
109 478 -4659.0
110 131 9999.0
110 141 2797.0
110 222 -6611.0
110 250 -1368.0
111 133 -8834.0
112 143 3534.0
112 147 -9966.0
112 203 6971.0
112 206 781.0
112 266 8151.0
112 386 2328.0
113 266 5067.0
113 395 -1754.0
113 411 -4292.0
113 433 9119.0
113 497 -5901.0
114 158 16.0
114 230 -1969.0
114 368 -1358.0
114 374 -5059.0
114 475 7808.0
115 333 618.0
115 416 6795.0
116 125 6054.0
116 130 3161.0
116 246 9838.0
116 319 -3240.0
116 365 -5521.0
116 442 -3067.0
116 481 2162.0
116 495 -907.0
117 146 -9135.0
117 198 -6213.0
117 470 76.0
118 218 4024.0
118 314 -8467.0
118 338 -2704.0
118 452 6425.0
118 460 6122.0
119 146 -2934.0
119 166 -5992.0
119 205 1840.0
119 258 -3861.0
119 349 -7076.0
119 360 4336.0
119 374 91.0
119 458 7143.0
120 151 1666.0
120 248 -1467.0
120 352 8260.0
120 399 -1460.0
120 413 7986.0
120 435 4597.0
120 496 8884.0
121 129 -2729.0
121 206 -2886.0
121 241 1483.0
121 297 3413.0
121 359 1023.0
121 374 -9213.0
121 496 -4274.0
121 499 9699.0
122 183 -5624.0
122 184 9056.0
122 195 1265.0
122 383 -8779.0
122 427 -3587.0
123 133 -788.0
123 248 5422.0
123 253 8593.0
123 260 -7997.0
123 306 -7289.0
123 371 6170.0
123 417 -2053.0
123 469 -2361.0
124 168 4408.0
124 216 9313.0
124 230 -4484.0
124 305 8091.0
125 158 -8496.0
125 236 5613.0
125 501 -3072.0
126 249 3739.0
126 312 8870.0
126 487 -1861.0
127 140 -8639.0
127 192 7096.0
127 242 8324.0
127 250 -441.0
127 345 8100.0
127 394 -6017.0
127 402 -8102.0
127 467 -7322.0
128 214 2868.0
128 316 1159.0
128 349 7978.0
128 403 3465.0
128 407 1382.0
128 426 224.0
128 435 4078.0
128 447 8737.0
129 245 -2163.0
129 293 8681.0
129 355 -9071.0
129 404 8960.0
129 413 -9322.0
130 158 6011.0
130 277 -2387.0
130 290 165.0
130 319 -7647.0
130 427 1670.0
131 185 8772.0
131 232 -6013.0
131 238 -9047.0
131 271 487.0
131 378 -1921.0
131 437 2551.0
131 466 -5821.0
132 158 2660.0
132 164 3125.0
132 205 -8867.0
132 323 -8494.0
133 154 59.0
133 194 1400.0
133 217 -7717.0
133 296 -4924.0
133 320 -4119.0
133 364 -7224.0
133 373 7758.0
133 398 -349.0
133 463 -4599.0
133 477 -2999.0
133 492 -2336.0
134 192 1140.0
134 326 8827.0
134 328 -729.0
134 366 -8417.0
134 491 3785.0
135 188 1752.0
135 473 1927.0
136 217 -932.0
136 221 -9436.0
136 437 6307.0
136 442 -2936.0
136 501 -1772.0
137 143 6535.0
137 184 1647.0
137 211 2663.0
137 240 -6675.0
137 260 -9993.0
137 332 2192.0
138 147 3355.0
138 148 -8845.0
138 164 2456.0
138 165 -1564.0
138 249 835.0
138 472 1919.0
138 492 -7463.0
139 268 -6204.0
139 270 -9121.0
139 305 -9806.0
139 408 8474.0
139 432 -8652.0
140 153 3671.0
140 158 -874.0
140 187 -4568.0
141 156 8115.0
141 236 1573.0
141 288 -3859.0
141 398 -1008.0
142 170 -2525.0
142 420 -3743.0
142 430 -1127.0
142 485 6820.0
143 320 5686.0
144 461 -8069.0
145 188 8538.0
145 257 6490.0
146 170 2619.0
146 237 8364.0
146 275 1112.0
146 310 -4818.0
146 311 8778.0
146 371 -572.0
146 438 6956.0
147 223 7873.0
147 239 -9222.0
147 331 1615.0
147 338 -825.0
147 414 1128.0
147 462 7323.0
147 486 -1430.0
148 157 -8069.0
148 294 8878.0
149 161 835.0
149 186 6802.0
149 309 -5387.0
150 198 9403.0
150 227 -9402.0
150 256 763.0
151 214 9424.0
151 252 3004.0
151 332 -3.0
151 461 -4943.0
152 172 9050.0
152 186 -6430.0
152 202 9017.0
152 262 -7835.0
152 277 -2826.0
153 228 -4796.0
153 251 -2644.0
153 364 1994.0
153 392 5083.0
153 394 663.0
153 415 -10000.0
153 428 1339.0
154 201 3578.0
154 282 3249.0
154 301 -5928.0
154 405 3817.0
154 470 -7547.0
154 499 -6845.0
155 191 -7567.0
155 304 1382.0
155 336 -2600.0
155 338 7203.0
155 345 -1295.0
155 384 -2597.0
155 449 61.0
156 210 944.0
156 273 9893.0
156 306 -8235.0
156 339 -4039.0
156 380 9750.0
157 173 3969.0
157 249 3123.0
157 323 8538.0
157 371 76.0
157 487 -8359.0
158 301 -8234.0
158 346 4230.0
158 355 6083.0
159 253 -4490.0
159 387 9730.0
160 336 -8205.0
160 379 3173.0
160 398 -7157.0
160 407 8444.0
161 248 3760.0
162 219 1596.0
162 378 -9871.0
162 440 4256.0
162 485 6320.0
163 174 8856.0
163 299 718.0
163 434 -5687.0
164 170 -105.0
164 401 7596.0
165 215 7529.0
165 248 -2548.0
165 406 -4926.0
165 449 3596.0
166 199 -414.0
166 249 -7477.0
166 293 8625.0
167 266 -3934.0
167 283 702.0
167 286 4258.0
167 357 -2006.0
167 496 4133.0
168 202 -2809.0
168 249 -976.0
168 313 -6573.0
168 315 -4689.0
168 380 6664.0
168 441 2182.0
168 446 1085.0
168 489 -9090.0
168 494 -4072.0
169 198 5974.0
169 241 -3640.0
169 400 -5704.0
169 422 3367.0
170 339 -8967.0
170 395 -4660.0
170 426 951.0
170 450 -7246.0
170 462 6563.0
171 173 6055.0
171 194 617.0
171 219 -7389.0
171 225 -8631.0
171 246 -769.0
171 268 9033.0
171 321 -7051.0
171 358 8702.0
171 412 -2058.0
172 178 9792.0
172 373 -6686.0
172 422 7323.0
172 450 6235.0
173 212 -8557.0
173 315 6500.0
173 323 -5817.0
174 204 2295.0
174 214 2724.0
174 373 8600.0
174 429 -8093.0
174 457 8760.0
175 292 5666.0
175 493 -694.0
175 496 1955.0
176 186 1216.0
176 201 8457.0
176 206 -8284.0
176 257 -438.0
176 308 -5851.0
176 340 -7008.0
176 366 -6619.0
176 394 -5717.0
177 208 6188.0
177 243 -649.0
177 290 3109.0
177 423 4779.0
178 446 2306.0
178 487 8223.0
179 233 2530.0
179 449 -2604.0
179 469 134.0
180 228 -1273.0
180 289 -4893.0
180 426 5093.0
180 429 -8340.0
181 299 2504.0
182 489 1886.0
183 194 -6632.0
183 271 -1554.0
183 321 7394.0
183 341 6280.0
183 378 7890.0
183 426 8577.0
183 481 1362.0
184 194 6227.0
184 200 -1706.0
184 238 6799.0
184 368 -1432.0
184 409 4053.0
184 416 6853.0
184 432 1276.0
185 211 -3111.0
185 291 -4607.0
185 466 2062.0
185 480 -3142.0
186 214 7099.0
186 321 5947.0
186 360 -6637.0
186 429 -114.0
187 199 -9486.0
187 200 3250.0
187 299 3968.0
188 388 -4246.0
188 487 6414.0
189 352 7176.0
189 399 7300.0
189 421 -243.0
189 480 2577.0
190 226 -2315.0
190 421 8513.0
190 489 8460.0
190 499 3052.0
191 257 3716.0
192 214 -4766.0
192 356 3463.0
192 477 -7120.0
193 264 -3627.0
193 340 3794.0
193 351 8272.0
193 434 -6813.0
193 436 1662.0
194 249 -4769.0
194 361 3623.0
194 444 -772.0
194 453 -9490.0
194 475 -2936.0
194 479 -4892.0
195 275 583.0
195 309 9724.0
195 332 4260.0
195 497 -4010.0
196 347 -9407.0
196 351 -212.0
196 356 3065.0
196 432 -7120.0
197 220 3442.0
197 264 -4895.0
197 267 -6390.0
197 297 -5022.0
197 335 9480.0
197 341 1123.0
197 417 9233.0
198 209 1046.0
198 243 8330.0
198 251 2194.0
198 381 -885.0
198 413 -564.0
198 436 1743.0
199 201 -7410.0
199 235 -6093.0
199 253 -6392.0
199 460 8674.0
200 259 -621.0
200 407 -3337.0
201 213 -5618.0
201 273 1856.0
201 350 171.0
201 401 -3876.0
201 408 -146.0
202 261 -3438.0
202 305 4721.0
202 325 4802.0
202 455 7876.0
203 218 -5366.0
203 287 8869.0
204 212 -4145.0
204 254 6998.0
204 332 6905.0
204 375 -6327.0
204 407 -9424.0
204 413 3675.0
205 232 -6073.0
205 244 6298.0
205 284 832.0
205 390 8924.0
205 460 9117.0
205 468 -8510.0
206 253 3285.0
206 447 -1787.0
207 433 -8822.0
208 215 -3104.0
208 236 -3264.0
208 349 5600.0
208 386 4137.0
209 233 4028.0
209 237 -4332.0
209 247 9627.0
209 386 -1105.0
209 449 7275.0
209 467 -7370.0
210 244 -3754.0
210 268 -6273.0
210 306 6161.0
212 231 3348.0
212 422 -4794.0
212 444 -7502.0
213 265 -7012.0
213 287 -9917.0
213 312 8251.0
213 424 2755.0
214 349 -1196.0
214 365 -2205.0
215 306 -3680.0
215 364 -2848.0
215 377 3221.0
215 498 -505.0
216 471 -401.0
216 494 -191.0
217 240 -3522.0
217 394 -534.0
217 411 -2461.0
217 461 7812.0
218 271 -4519.0
218 276 9153.0
218 293 6055.0
218 476 6329.0
218 492 -9531.0
219 245 -8687.0
220 291 3758.0
220 397 3953.0
220 486 -6143.0
221 251 -135.0
221 270 2763.0
221 320 -5456.0
221 354 789.0
221 400 -5050.0
222 247 5281.0
222 305 4355.0
222 313 -3212.0
222 480 -3444.0
223 293 3415.0
223 339 1753.0
223 347 8628.0
223 371 9853.0
223 381 -3720.0
223 408 1917.0
223 424 -1460.0
223 447 8140.0
223 474 4443.0
223 489 7164.0
224 237 8651.0
224 244 5533.0
224 306 -826.0
224 359 2512.0
224 408 1829.0
224 474 6710.0
225 483 2769.0
226 284 -4027.0
226 316 -9440.0
226 486 -3447.0
227 259 -9022.0
227 264 4293.0
227 303 8024.0
227 391 7503.0
227 447 6681.0
227 460 2031.0
227 493 9193.0
227 496 -2439.0
228 230 7428.0
228 358 9224.0
228 474 -573.0
228 478 1183.0
229 235 4008.0
229 387 -9013.0
229 398 -7927.0
229 473 1465.0
230 240 -1880.0
230 357 -7955.0
230 369 -3874.0
230 450 5955.0
231 277 -5718.0
231 312 4350.0
231 316 -9532.0
231 342 -9152.0
231 425 -3571.0
231 500 -2295.0
232 277 582.0
232 413 -5595.0
232 441 -5095.0
232 481 -3834.0
232 483 -1069.0
233 313 -6425.0
233 314 8251.0
233 332 -1972.0
233 375 -1096.0
234 264 -8107.0
234 278 -7785.0
234 456 -1766.0
235 267 5292.0
235 297 9612.0
235 370 6746.0
235 378 -1774.0
235 401 3627.0
236 299 -449.0
236 337 5364.0
236 414 -8868.0
237 275 9390.0
237 422 -6331.0
237 470 1319.0
237 478 4382.0
238 269 -6651.0
238 342 190.0
238 386 7935.0
238 410 -2603.0
238 460 1672.0
239 264 8954.0
239 272 -3836.0
239 276 -7472.0
239 370 -5942.0
239 378 2927.0
239 410 8221.0
240 392 -9266.0
240 422 -4822.0
240 453 5937.0
241 323 -3338.0
241 340 3282.0
241 400 -2622.0
242 303 -2907.0
242 410 7745.0
242 445 -6059.0
243 290 -955.0
243 340 2001.0
243 369 1164.0
244 461 -7045.0
244 464 -5135.0
244 471 1449.0
244 488 6043.0
245 266 1566.0
245 375 -1285.0
245 399 7976.0
245 449 718.0
245 501 -4182.0
246 261 8850.0
246 437 4045.0
246 485 7330.0
247 266 -3434.0
247 337 -6729.0
247 439 -3820.0
247 487 8603.0
248 344 3748.0
248 383 -1009.0
249 293 7907.0
249 451 -4786.0
249 469 -1092.0
249 479 3078.0
249 483 -6116.0
250 314 3515.0
250 326 -5814.0
250 412 7358.0
250 439 1582.0
250 459 -6860.0
250 460 238.0
250 481 9963.0
251 447 3422.0
251 463 -5069.0
251 490 7450.0
252 258 1209.0
252 450 -7320.0
252 454 2129.0
253 288 -397.0
253 315 1118.0
253 415 6273.0
254 264 5128.0
254 307 -952.0
254 403 2856.0
254 437 -5911.0
255 281 -8438.0
255 323 -1109.0
255 491 -340.0
256 273 2320.0
256 299 -6885.0
256 441 -8229.0
256 496 2356.0
257 291 -4019.0
257 346 -5305.0
257 376 6639.0
257 439 -794.0
258 275 730.0
258 321 -2710.0
258 340 4157.0
258 354 7433.0
258 394 -3212.0
258 449 -9484.0
259 279 -3756.0
259 315 -2667.0
259 341 -7890.0
259 475 -4979.0
260 286 3037.0
260 318 -4276.0
260 331 -782.0
260 386 8469.0
260 421 2164.0
260 444 755.0
261 268 -9134.0
261 366 -4664.0
261 416 4024.0
261 480 -7629.0
261 497 -5938.0
263 389 -855.0
264 448 6606.0
264 485 9396.0
265 271 -3693.0
265 352 -5652.0
265 372 -6151.0
265 452 3117.0
265 494 6685.0
266 425 -165.0
266 497 3908.0
267 373 6772.0
267 412 -6081.0
267 442 6677.0
268 318 4793.0
268 351 -1054.0
268 353 -2063.0
268 409 -7695.0
268 465 -7760.0
269 278 1239.0
269 299 8735.0
269 339 8235.0
269 413 -1794.0
269 451 6463.0
269 488 2888.0
270 478 9993.0
271 312 -14.0
271 326 -6345.0
271 484 8353.0
272 291 9280.0
272 440 -5855.0
273 483 -3664.0
273 497 -7845.0
274 279 9765.0
274 292 5124.0
274 315 4107.0
274 479 -1777.0
275 300 3577.0
275 338 -3927.0
275 340 -2127.0
275 345 6229.0
275 469 6070.0
276 350 3353.0
276 395 8581.0
276 419 7429.0
276 426 9139.0
277 348 7978.0
277 432 6269.0
277 433 -7970.0
277 451 5965.0
277 477 -9556.0
278 280 5868.0
278 299 -1464.0
278 327 -2266.0
278 454 -5936.0
278 463 -1412.0
279 322 7572.0
279 345 8058.0
280 352 -3464.0
280 443 -1719.0
281 379 544.0
281 410 -292.0
282 292 -7273.0
283 313 375.0
283 350 -9869.0
284 295 -6687.0
284 319 9299.0
284 399 -7542.0
284 469 6833.0
284 470 -9907.0
285 319 7298.0
285 355 -9097.0
285 386 9302.0
286 367 -9502.0
286 474 5517.0
287 361 -5149.0
287 380 9500.0
287 415 5381.0
287 427 2255.0
287 429 7164.0
287 501 -6235.0
288 379 -4225.0
288 460 2745.0
288 499 -1815.0
289 373 6372.0
290 298 -5802.0
290 384 7223.0
290 440 1304.0
291 323 593.0
291 413 7623.0
291 466 2827.0
291 468 -4613.0
292 344 4818.0
292 421 4993.0
292 438 -8494.0
293 413 2192.0
293 464 -5174.0
294 344 -8657.0
295 328 5312.0
295 347 -2660.0
295 429 924.0
295 450 -7189.0
296 338 -3608.0
296 427 -105.0
296 438 7082.0
296 499 537.0
297 455 3345.0
297 460 3449.0
297 492 -7492.0
298 383 8458.0
298 494 6739.0
298 499 5345.0
299 362 6214.0
299 368 5118.0
299 406 7802.0
299 419 -9505.0
299 442 -5427.0
299 495 -4071.0
300 413 -6638.0
300 480 -5738.0
301 345 -8409.0
301 496 -8315.0
302 385 6586.0
302 408 -1315.0
302 500 -7760.0
303 361 -3943.0
305 385 4189.0
306 313 7707.0
306 316 5953.0
306 323 -5192.0
306 356 -4403.0
306 419 -3646.0
308 315 4842.0
308 341 -8967.0
308 355 -7654.0
308 363 -4051.0
309 390 -8415.0
309 410 7497.0
309 497 -4559.0
310 347 -9056.0
310 457 5089.0
311 316 -8266.0
311 342 -9066.0
311 432 -7614.0
311 455 -1644.0
313 364 3816.0
313 475 -8920.0
314 375 1879.0
314 471 -9447.0
314 476 -902.0
314 488 -320.0
314 496 2173.0
314 499 -3278.0
315 374 8505.0
315 456 -9700.0
315 478 -6120.0
315 497 1787.0
315 501 4895.0
316 366 7391.0
316 367 -6131.0
316 412 4342.0
316 478 -2638.0
317 463 3135.0
317 477 -6467.0
318 428 6162.0
318 454 -9333.0
318 480 9303.0
319 487 -3055.0
320 377 585.0
321 331 -1721.0
321 358 -4449.0
321 376 6582.0
321 465 9850.0
322 358 -7452.0
322 417 -8708.0
323 378 -382.0
323 402 -3823.0
324 333 7997.0
324 399 -9158.0
324 477 327.0
325 394 -3743.0
326 421 -4767.0
326 438 -2082.0
326 472 2162.0
326 481 -3105.0
327 405 9588.0
328 425 -1046.0
328 454 -8709.0
329 465 977.0
330 408 -5566.0
330 499 -9021.0
331 345 5534.0
331 464 -195.0
331 474 7879.0
333 353 -7936.0
333 487 9142.0
334 367 -3372.0
334 451 77.0
334 452 -5301.0
334 482 -3148.0
334 483 6547.0
335 412 -5706.0
335 481 1301.0
335 485 6071.0
335 492 -1241.0
336 443 -4979.0
337 340 5558.0
337 400 -2245.0
337 462 -8129.0
338 384 -6903.0
339 361 6010.0
339 378 7453.0
339 383 -8645.0
340 370 2718.0
340 396 5299.0
340 405 9746.0
341 351 8615.0
341 387 6167.0
341 408 2399.0
341 485 -1929.0
342 344 -5565.0
342 421 5265.0
342 459 -6180.0
343 347 8831.0
343 490 1939.0
344 379 4970.0
344 398 -7570.0
344 425 2842.0
344 453 -536.0
344 489 -6842.0
345 357 -7281.0
345 454 -8302.0
346 426 -5731.0
347 455 -3527.0
348 393 5563.0
348 419 -2386.0
348 467 3771.0
348 469 -4049.0
349 398 6497.0
349 487 -2415.0
350 353 -613.0
350 399 3335.0
351 379 6543.0
351 435 7699.0
351 466 9140.0
351 483 -2291.0
352 410 -1048.0
352 427 3612.0
352 472 409.0
354 396 9151.0
354 413 9296.0
354 420 -735.0
354 437 -5275.0
354 454 -1087.0
354 501 8370.0
355 360 -4117.0
355 387 -846.0
355 411 1672.0
356 407 -1579.0
356 421 -8857.0
356 498 -895.0
357 467 -8140.0
358 405 -2310.0
358 451 1350.0
359 383 3911.0
359 387 3609.0
359 396 -6761.0
359 437 8427.0
360 496 1554.0
361 460 -6735.0
361 490 -9515.0
362 378 4408.0
362 438 -1746.0
362 489 -2367.0
362 500 8199.0
363 423 9597.0
363 428 4182.0
365 376 7988.0
365 416 6754.0
366 427 -6930.0
366 482 -3070.0
367 383 -6765.0
367 433 -9909.0
367 455 -9405.0
368 381 -5349.0
368 413 3542.0
369 381 6629.0
369 412 -1355.0
369 422 1195.0
369 466 6223.0
369 471 -334.0
369 475 -7991.0
369 494 2282.0
370 377 3704.0
370 451 -2512.0
371 421 -9950.0
372 399 -9477.0
372 433 -6670.0
372 449 -200.0
373 388 6424.0
374 381 -3592.0
374 471 -8502.0
376 394 9105.0
376 454 -2933.0
376 493 -6444.0
377 428 -7114.0
377 471 -4493.0
378 435 9582.0
379 466 3894.0
380 399 8878.0
380 492 9760.0
381 440 -1859.0
382 408 9593.0
382 485 -1667.0
383 406 6975.0
383 500 4725.0
384 467 7807.0
385 443 -9312.0
385 481 5442.0
385 486 -3665.0
386 411 -2643.0
386 423 2303.0
387 439 6767.0
389 482 3277.0
390 412 -7853.0
391 418 3903.0
391 464 7696.0
391 480 9257.0
393 466 3120.0
393 494 759.0
395 399 6573.0
395 495 7679.0
396 480 1669.0
396 496 -2332.0
397 460 6338.0
399 451 -9491.0
399 477 -8221.0
399 482 -9932.0
400 425 -4886.0
400 446 6302.0
401 434 -6294.0
402 413 -662.0
402 465 9064.0
402 481 -8775.0
403 470 -1306.0
404 499 1210.0
407 421 -2125.0
408 489 7000.0
411 460 -1638.0
411 468 -1424.0
411 479 -1565.0
411 494 -7145.0
412 446 1797.0
421 465 -3068.0
421 493 -1060.0
422 436 -8158.0
423 470 -8414.0
424 441 -2764.0
424 494 1392.0
425 473 6518.0
426 499 -57.0
428 452 4970.0
429 434 -4289.0
429 488 896.0
430 454 4573.0
431 444 -3248.0
434 483 -5668.0
434 495 9608.0
434 500 7927.0
435 489 -447.0
439 480 3219.0
442 467 -2111.0
443 455 -7877.0
443 489 -4811.0
446 484 -1801.0
453 463 8016.0
453 490 -1217.0
453 498 -8325.0
455 490 -9298.0
455 499 -4686.0
457 475 1691.0
458 501 2717.0
460 479 2393.0
461 493 -5705.0
461 500 9321.0
463 472 -2894.0
464 474 -5410.0
464 478 1205.0
465 469 -2595.0
465 476 -9291.0
468 474 9837.0
474 501 1052.0
475 492 7245.0
479 481 -4790.0
497 501 -1519.0
